10000
2576
1874
9756
5386
5068
4898
6937
9686
1502
1533
2121
8487
6484
7000
6440
5045
7358
593
7206
5236
1039
7085
2087
6874
6592
2471
361
1469
7844
2186
6532
7053
3870
1437
7088
6183
5313
7196
3482
4582
15
9972
7079
8038
982
4924
5526
981
8262
677
9636
7060
6773
956
9842
2695
2362
349
2661
1499
8696
8032
8442
728
5800
4876
5297
64
9791
2795
579
8450
7251
5530
8346
1267
6769
3537
8776
7172
1179
624
6054
3042
170
9300
3444
8424
7535
424
5476
4566
1614
9788
778
4942
3936
6958
1672
9977
5374
7507
912
7943
5448
1616
7509
4262
8332
4120
954
5631
4702
4426
2631
1839
2676
1798
5289
1144
3611
2000
6046
7776
5679
3297
3889
8215
8130
345
2377
9646
7059
3779
7417
9699
8951
4934
8339
7332
1818
5229
6278
1722
9507
8320
8225
6469
3985
2320
2299
9947
7269
5306
155
5187
3834
5970
7780
1279
8309
1005
3551
3444
1913
5957
8614
9518
6503
982
5534
6385
693
6287
8033
2335
6748
4789
8032
7512
2802
971
7496
5499
3523
4149
2913
3770
6532
6814
9439
1190
8538
6783
1041
6884
878
9574
3788
9668
1168
2474
3784
6878
4591
2574
1047
6318
4209
1157
5277
165
7891
2007
2364
4299
3159
2905
7880
4345
4247
5833
8644
6972
8407
6359
6505
8800
2638
7507
3752
3537
6616
9147
9631
6703
5748
3728
7319
381
4815
2071
2060
4531
6271
9709
2980
2795
2246
9854
521
6862
3578
9
1911
2549
8650
1854
5294
7323
9677
5462
6305
2533
9860
5137
7763
6725
4519
3707
7865
7033
2297
392
5870
2233
5940
781
5596
6689
3329
3453
260
2369
9589
735
7246
8082
1462
6484
8288
4146
5405
1646
6910
8641
5322
5345
6344
3885
7133
8355
3418
6074
4208
472
4826
4308
4002
7510
1498
751
4331
1226
2856
4349
9827
8255
7595
9294
7411
212
6537
3302
1719
5190
2251
2719
877
2969
9765
6183
4807
3372
9903
5449
6397
6583
7699
4368
3807
7430
9414
7241
9771
7423
4955
9069
7567
6499
3069
4255
9335
5311
9487
5937
2853
8867
7117
3485
3064
6795
7816
3296
906
6527
9164
9274
6368
4168
1569
8822
9595
2803
6598
5014
7082
5234
6267
8876
9705
3591
8296
2354
1541
9764
8421
2763
4897
2174
4935
231
8232
2146
3367
440
2094
1204
3908
4200
6590
6919
9893
6833
1865
985
9198
1754
2792
1544
1758
5670
5157
5135
2948
2443
2951
8089
3670
1499
6882
4042
3155
237
5353
6592
4784
2510
5854
7952
2080
4107
6038
6496
8610
3961
1563
3084
732
1603
8440
8583
3368
5395
1460
7189
802
2036
7794
1969
333
6877
2802
8326
9981
7554
9718
7869
7646
818
3462
8775
2445
8796
9741
71
1232
4112
7127
2962
7417
2912
8290
9825
1895
4232
3077
5542
8546
182
173
2623
9375
1810
3811
8198
8451
9111
4616
9516
5523
3881
3716
4614
3499
6170
9513
8355
7536
7360
2792
8762
2874
6468
9459
2034
9286
8708
7522
3775
6286
8145
3927
7377
3814
3672
5214
6584
9908
3495
4269
7264
8498
5186
2807
8672
8073
4481
9396
6888
6844
3368
8183
8097
6058
7546
3487
1404
7004
4750
7388
1344
2032
3220
3693
7923
8085
7870
2360
1493
3270
6206
5888
7405
1976
7344
5825
5814
1682
8400
2475
6505
4427
2802
2847
5618
5885
9366
2509
9277
5269
7828
1446
9332
3076
2856
5489
4705
7793
6245
2025
6275
2145
7734
7302
6086
7818
7424
9623
1776
4426
2643
2076
1627
2976
3620
2734
1759
4396
1542
8065
5113
1088
392
2762
5357
7270
9565
5088
9624
5849
8268
3069
4327
2666
4203
8879
4501
6056
7418
794
7415
2362
1209
177
7445
6309
1047
1578
9133
4951
4658
6069
7047
1281
2492
5366
7236
7222
9083
8577
2589
8319
3910
827
2371
8658
1539
2860
2421
7639
2485
3384
586
7015
3538
7621
5239
6587
2750
2165
2692
6632
3859
8348
1181
2361
2428
7909
8920
2591
2377
7363
1269
1278
2310
9798
7966
1016
3085
3964
3902
247
3787
9948
6639
6247
2058
3187
6703
8674
7246
2482
6059
8383
7841
5664
7824
8158
2448
9249
839
5030
7809
1862
649
7860
4940
8046
5686
1345
5402
7027
2055
9271
9037
2068
5979
9162
2404
6355
5761
8942
2622
6275
3707
4236
1058
267
3681
414
5698
7433
5967
1146
4402
398
7110
4724
7840
1979
236
341
8483
1021
8977
9626
1135
5186
7019
4329
2044
4870
8585
9135
9224
9896
2105
6041
486
5828
9877
7807
8755
7358
424
9461
2684
395
8447
8627
9304
8533
7951
1922
197
8406
9114
2265
9668
5534
2873
9159
5167
986
7649
9288
3110
3937
1976
4232
4822
1929
125
7664
3293
1260
7352
226
9633
2530
7974
161
1625
977
1201
1358
3007
2313
3308
201
5396
4868
382
2694
6415
6862
1774
4358
4767
1579
2956
142
1253
2127
3318
9475
7262
9053
661
1577
4215
4463
5026
9902
724
8928
3841
7064
8977
736
3791
7575
6827
4272
6182
436
8521
738
4177
6639
325
636
7379
7785
3096
4395
9502
2831
8885
873
7946
7427
1208
3208
4056
7892
4542
4652
9322
6083
8727
3522
1503
2714
3662
5535
2859
1630
5791
2527
4172
7923
7947
4669
384
637
5781
6849
2753
7313
3573
2768
4359
369
6984
4932
2571
7068
5164
5617
6825
9195
7722
2433
7331
9016
5920
3917
3133
2075
4248
5532
5580
5416
5469
6646
2382
5386
2166
5352
390
7777
1999
8130
7789
9416
8288
582
5022
8769
957
9886
2411
2240
1142
7974
1883
7809
9246
2537
2734
12
2795
2891
2283
5550
9950
2012
3229
3764
7233
3383
3937
4878
192
2559
5075
1954
5398
3348
1196
3789
508
809
7860
7363
6487
7633
7699
7554
389
5601
5182
6233
7479
348
5990
3363
3911
3270
6721
7016
7457
101
2139
5144
7438
6082
1852
5313
5528
9353
6820
1813
9915
7171
1804
3036
1358
5651
3586
59
5941
5105
121
3202
5287
2182
5444
3849
1169
2927
1679
2362
6325
7185
4055
2857
5420
4743
8318
2665
6228
7182
4925
5256
5116
3564
4373
9781
2399
3942
2198
6693
3783
7909
5018
2312
9944
4668
4444
3390
3967
8942
9052
2779
2578
4256
116
6575
8907
7877
3761
6651
7497
6462
1240
8033
9910
4010
1606
4489
5219
2309
1832
4415
2845
2385
6753
5631
2552
3935
9955
9323
1539
190
953
9564
9182
5075
7713
137
7160
8108
8799
7425
8439
9274
4254
4528
2012
2542
4017
9744
9042
8194
7029
35
6368
3585
7505
5846
8221
7114
977
4779
7899
8864
961
8195
2617
3583
3169
4589
8371
4132
6424
2331
3171
3245
974
7489
1552
3928
5496
2711
7724
9037
3010
3865
8499
5201
209
8624
1727
1710
5272
170
9509
6716
7040
5538
3856
1070
629
5769
9457
2432
1845
9920
8280
7290
1950
1125
6807
8393
2972
1766
9743
525
1482
8036
9767
5159
2783
6460
2262
1016
2343
5551
8437
6829
708
9750
8020
3675
3592
5158
9968
1869
7246
4777
4098
4956
493
6881
5227
763
1056
2438
6534
1007
8896
7318
7485
8808
9897
8140
5598
5458
3348
8586
6667
6719
2670
4826
5899
7223
3092
4275
1603
2445
1454
8246
8027
2365
5917
4401
8411
1343
1808
8659
9724
726
9699
5100
6412
4726
4282
9839
4869
462
7105
6076
5131
1376
8868
8264
1911
831
136
204
9597
2895
5580
7000
9297
9185
6423
8153
5732
6933
3744
3691
3066
6018
1662
264
6459
8238
7005
2599
1199
9903
5183
1084
3134
4780
686
9116
3660
1913
9355
7510
7329
9968
786
9974
1771
3361
1836
6960
5680
8854
1922
5907
3453
1302
2542
6359
321
5564
4917
866
8236
9181
2424
1271
6461
5811
948
3513
8450
8491
7539
6794
6880
714
3257
6729
7251
2899
1309
7195
6904
8048
1350
5486
166
3349
1959
5902
9306
695
3086
3722
7709
8355
3347
5207
8008
3768
618
4311
7026
8062
2931
5832
5163
618
5768
5279
7446
2209
2170
6194
5526
8395
7954
423
9962
9091
6544
2151
1982
2478
8778
4051
873
5592
6501
8848
9101
1440
2004
2210
5514
4768
7737
7344
942
4917
6845
2252
212
7475
1688
6467
7745
2017
4761
4315
7638
4657
2614
8170
980
8777
5748
8466
5850
138
5477
3770
2462
5929
8246
6115
2468
7114
3707
6195
9538
6018
9252
1260
4625
6492
4249
4138
1434
3863
2587
5258
2368
8222
244
257
3897
9657
4252
9812
7860
4746
7308
7021
5164
6970
486
4341
7612
6281
6903
9788
5014
3812
6913
4753
1226
8799
3882
7926
1913
9652
7738
6004
748
7216
9732
9396
995
3978
4931
3139
1899
2590
5737
5908
6240
7516
1515
9290
211
4705
9007
1858
6237
6438
4589
4964
5403
8867
1955
6656
8502
7296
7941
6924
9374
4175
249
8128
7471
8627
5123
2474
6385
4921
972
2164
2736
3976
6041
1201
7977
7519
9310
7046
6588
7371
4090
4207
2705
8826
7204
9188
6798
9353
4301
8081
159
8686
9789
4107
1543
6407
6085
6146
2003
8400
6987
6956
5875
2494
2392
1286
727
9828
1924
8383
8204
6607
4346
7093
6856
6514
773
6642
1662
3008
2826
518
8131
8862
5213
2801
4807
2991
6235
3174
3224
6343
4426
4514
9169
5488
7678
8679
6953
533
3251
6102
5575
5790
4359
6264
6450
2897
6776
812
1592
5000
9478
9339
8138
4812
2890
2833
5878
1415
1748
8376
6583
4006
9375
5051
394
9814
1552
9837
5439
1211
9207
8604
6618
6626
2306
9237
4502
2330
2835
8733
4733
9524
7948
4456
2573
3187
9839
2790
7968
4462
7138
845
9947
7078
7524
9409
605
5554
289
5896
2262
4443
6333
146
1796
1734
4898
4318
6937
5897
4133
9425
6443
5831
2392
6703
5337
6286
9319
7265
9278
7453
4025
5339
7601
4611
1130
5849
3383
9970
7504
1886
7779
7120
1903
1476
7909
8037
4881
8701
9129
4665
4295
145
7782
4981
9312
5837
9566
500
2476
3088
33
8002
8320
1724
7365
9162
1398
7977
9774
3581
5207
856
8317
9549
7359
8348
4627
8823
4271
4309
1736
9919
6801
5153
2856
4185
214
1340
4645
7729
4395
4983
4583
8121
1776
2405
3117
2943
6482
8115
3740
7893
469
6726
1303
800
741
1060
446
3952
3997
1185
9221
9070
5010
4710
1247
538
5678
5484
5429
5429
9646
7297
747
3234
2402
2457
8130
5419
8479
7500
2937
5009
4163
8572
6948
6773
4132
8404
1724
9701
3174
5329
8683
321
257
9104
8425
2877
9121
997
1292
3077
7118
6062
4132
7237
1174
8428
109
844
6770
8218
2601
6200
2613
8898
262
1577
8060
3527
5510
122
9766
8056
7532
1851
6496
2650
2458
2706
3275
8194
5134
8355
8427
7489
8898
7823
1342
5798
4636
9244
2672
3549
382
385
3935
6843
3698
9972
2463
3882
6789
4153
6145
8793
1094
7960
3786
3541
2440
6413
5566
4378
1195
899
9113
1186
1656
4375
6812
8792
1594
7032
6455
8670
3459
5863
883
9717
5783
1875
7314
5546
386
9356
7155
3463
3990
6313
3570
7977
1476
4437
346
3532
1331
7162
9144
8757
7680
5508
2802
3491
7958
61
6188
326
2352
2523
2474
4519
3876
7865
3861
6315
9078
3526
8730
248
5576
7755
6680
7369
7609
7749
5179
5331
6982
2606
343
8772
3943
9791
2060
2073
6578
4048
8699
2319
9321
5132
6792
9423
5500
9266
7771
8684
7246
9711
6182
3773
6604
4729
5290
6019
2100
9268
8772
8236
3323
3957
3321
7528
4826
9136
9977
3522
2339
3414
8486
4703
6551
3474
8305
3727
6014
4765
7009
4531
3677
7284
6238
3767
4040
9293
6724
9540
9893
5031
4209
9334
8254
5329
2577
8360
5766
4828
9245
2970
6159
5652
9018
1061
5600
386
359
2645
4367
6289
3465
2735
714
4432
2589
2108
3687
2294
5385
878
9711
3850
8321
3536
2267
1575
3403
8640
6707
3416
8330
6151
2688
2285
6871
7879
3662
2306
5543
1804
3225
6317
6287
8466
5923
413
7581
4870
277
63
2549
2628
86
2264
9629
5701
6510
5289
3482
8081
4774
9397
5593
6118
7380
7407
1357
8926
4893
8007
3483
9800
6963
8016
4841
8967
6941
2812
1397
2874
3193
4814
2712
4975
2310
7195
8985
8782
7926
6359
5320
8291
2046
7728
7325
6326
4524
951
8276
9771
6347
6866
2351
9592
909
325
6654
4614
1066
7994
5025
4741
3575
7779
5340
4824
5619
9140
8382
4613
3112
9397
425
6861
291
2676
8006
8487
4884
3654
1566
3207
5488
2014
2850
9546
3045
8104
7303
9
7847
1292
4610
6244
425
3097
7229
710
4975
3457
5871
4781
6841
140
2144
8363
1428
8633
8171
7963
5109
1253
4848
505
7852
1153
2368
8050
8087
9478
432
239
3682
888
9639
1268
5565
9128
6766
5478
5847
7843
5057
6025
437
8701
6046
1269
9164
152
5149
3750
5185
2335
185
6945
2560
203
9948
1302
8380
8178
5689
372
6579
8883
9592
7486
5885
4252
642
5602
2077
1092
5822
3076
4289
1651
5456
2612
7598
9274
7402
8002
1625
9943
2489
5049
2581
7960
4989
6263
4493
3393
4016
3273
9699
9465
597
7324
6276
4784
7319
3503
3208
3096
6643
6010
2400
1660
7204
44
2377
9279
5232
2758
558
501
1534
5890
4381
1306
4869
5633
9539
4094
7308
4136
794
3153
2313
6513
2718
4646
8450
6470
7682
7713
1617
7525
2669
1796
631
8613
2008
8313
4092
8438
5859
1308
6298
2602
8159
9595
3982
2543
6308
576
1473
3115
5221
8902
6563
3056
1152
219
3818
270
1288
7076
6652
952
4015
6877
5803
6597
4724
777
1329
4816
1338
9244
4976
3891
9570
6984
87
6723
5863
8229
3330
3786
4901
214
3298
3116
3871
2167
4087
1132
1601
9547
6776
8713
8106
5229
8464
3770
8841
6750
2006
4987
1045
7195
2645
1895
5290
7405
6773
1596
2069
4537
4315
7518
6855
8382
7542
2624
3498
6930
2667
4869
3623
4079
2433
1365
5401
5965
367
7364
9535
8282
3136
6939
7239
7579
7429
1650
2756
9592
7891
1057
9227
6231
20
120
9003
3132
7093
4916
4691
7613
4051
278
2799
6814
9614
7807
82
567
2775
7375
7393
3303
4961
7208
1996
1313
8332
1764
2563
8518
88
7474
5788
1076
4912
1051
3230
3143
3212
1047
2123
8172
9899
854
7154
4546
47
667
6304
8759
9571
3266
4557
431
9579
821
1891
1142
5400
7387
82
2980
7431
9244
4299
3122
8714
1823
2135
6306
2258
6493
3137
1049
3012
8979
2777
1584
8028
5036
2749
3478
2627
1168
9149
5087
3
5210
1274
8560
4748
2491
2910
2447
8609
864
9608
547
9332
1617
784
8520
572
9606
5225
930
2174
5470
7220
2647
5804
5203
457
5985
3792
3910
8150
5401
5377
2669
7745
7025
8542
9469
8946
8013
4199
795
7887
6550
9994
5811
7904
7543
4920
8407
5026
7462
7367
1536
5753
5722
9962
159
5727
5077
8735
6455
2699
8838
7912
6815
9063
5961
1319
7063
21
8743
6758
1535
7102
1872
761
6660
8365
6890
9946
163
5999
2140
1374
3289
7889
4902
9789
9162
903
9405
2191
4429
8638
8010
4937
7201
394
7430
9749
3931
3638
4644
47
864
5172
7129
3305
4791
4229
5756
6866
9211
7509
1884
418
4395
1912
1309
1030
8232
1129
2756
6448
2665
2996
3088
8100
1923
6562
8828
9567
7252
5274
1388
4555
846
7780
8030
1587
6831
5435
7799
2208
1722
6436
957
9209
865
9162
4761
1035
7303
720
2395
9998
6906
622
3796
3491
8225
2584
7009
3838
172
1939
9513
4035
4879
3261
3314
3449
9909
9569
3790
1930
4984
6833
217
3678
1388
6846
5079
7721
9476
1269
4375
7760
3580
5426
2042
9829
9708
6122
530
5896
4562
5591
8015
1962
9463
328
2791
7978
5317
5241
631
6091
8040
9013
6881
9555
8393
6160
2165
4183
5842
2669
2715
5943
8584
5227
4804
7334
7885
8372
7812
2031
731
2690
5200
1636
8518
6926
5841
6091
3716
1522
2479
7318
6879
8470
1646
5172
6159
6206
5353
5241
4517
8668
4105
2046
3691
3392
4998
7195
8215
5906
7522
236
3861
1827
5358
6742
7546
6202
2122
3115
2053
5771
7120
6461
5900
8955
6161
645
2305
3217
2346
128
5801
274
5111
2476
8430
2096
7042
3089
7359
6145
9496
4435
49
5687
3741
9463
9331
7790
9837
4805
9314
4218
7421
1512
8400
6150
1666
1989
9368
7855
4810
2936
5975
1411
9706
7243
3822
6564
208
754
9472
4636
1396
9089
1116
7960
5187
2064
8695
4497
9633
575
551
1983
5673
7512
7291
1415
1359
7835
9071
4705
6259
9028
1921
7068
2053
6748
5470
9396
2469
6900
2441
7960
1523
8073
3111
4283
9994
5061
3578
6528
2696
5693
3926
1927
3037
2095
1798
2156
9839
9678
9553
766
2232
3341
2633
9523
8958
9049
2201
6218
6675
9256
285
8846
2070
7778
1993
4751
3803
1599
2026
5066
9638
9826
6497
3747
7704
263
9645
5731
4794
1269
5447
6499
2183
491
235
4998
782
1823
1389
2253
2009
8184
2848
9444
1505
5481
2537
2170
1391
9575
7137
6641
4843
6753
9588
130
7048
2411
9094
9477
7146
5116
2482
4246
1958
265
4830
9397
8123
2910
4911
2419
2996
7737
1443
7419
6676
9517
7319
3919
6307
7124
6622
4609
133
9545
6170
1676
6659
7364
825
8012
3069
492
9479
6387
8675
4153
6919
4870
6656
3527
9479
9680
5764
4063
2819
2584
5990
6002
9266
6102
943
2939
775
4609
1886
3663
4032
7901
1736
8816
9414
2957
2846
7338
4375
2243
1037
1458
4747
3475
1295
9195
2855
2254
2233
500
2694
2547
6012
890
2108
5794
1053
1430
3839
2030
1781
8015
4395
5221
7515
2764
9807
941
8807
1177
2759
1612
7995
4710
8325
9328
7627
82
2275
7277
8568
6510
5478
4292
1910
7111
2150
5563
3951
8612
7563
7133
2625
5781
268
9348
9903
5191
6603
9511
4285
8511
8418
9873
6968
963
5652
7475
4317
3558
6157
3563
7652
1528
7181
8386
364
1150
3732
9443
7327
2060
5086
464
5435
6058
4361
7165
1217
3805
4195
6260
5841
6932
8422
9719
300
3746
2473
2562
2002
5203
1003
2343
2264
6267
2745
8683
1461
8258
4087
1923
4001
446
7440
5788
2456
7535
3530
5198
6941
4926
8149
2341
6121
7008
5832
9361
4664
5137
5118
2669
8098
5489
1070
8372
7315
3984
5099
3132
1088
86
4661
8390
1586
9037
402
9505
9647
4601
5420
9717
4904
740
2007
8047
8007
7283
9977
4486
1481
7379
5105
4750
7352
85
6721
22
5782
885
5766
6488
3094
9230
7095
9729
9393
5109
5578
2869
2446
2515
9204
8241
455
1548
3062
4039
7804
6479
240
4815
4395
346
4159
3975
8940
1218
6856
1084
9672
2903
1167
1912
3185
164
4167
2632
4396
9592
9310
6359
8578
4640
5365
5615
9477
600
7003
3406
7474
7055
3073
8807
568
5300
1709
3056
9996
9994
4805
7352
3142
6967
5414
8571
4314
7230
1142
3626
6381
3685
2786
2678
5002
3124
6164
1441
9399
3565
7824
5106
6980
5487
9972
5674
4697
6360
7130
5702
8536
3452
2222
8038
5993
5239
4103
7887
6085
3072
5000
1328
6619
2087
1846
8958
5225
3012
7092
2312
2720
2434
5324
566
6801
9229
2920
5000
8046
2963
5349
2969
409
4972
8099
4671
5930
2599
3701
4511
8825
7532
6719
9173
9303
4222
2738
4273
1482
6098
9472
3313
3695
3608
4595
1341
414
6492
4411
5320
4964
6916
5456
9598
6679
1518
7592
2007
434
955
4981
2016
5907
5936
7503
3625
245
6139
1886
6195
9461
9780
5625
7809
7278
8573
5374
939
7924
2366
7193
4984
5937
5198
5957
616
1511
9125
2985
4336
9164
5852
5097
4865
1128
9150
1892
9350
7830
4851
9072
5467
7315
8385
8422
3515
6287
3895
8452
9514
6901
2566
3863
5463
3278
8395
8808
2137
2477
9195
6194
7817
616
3342
2522
2322
1521
3402
7679
103
3156
3683
2202
6633
84
9499
8272
925
4244
6235
2335
6931
3134
2707
2130
4496
1907
51
9233
651
1944
433
5655
5623
5559
5778
2516
1634
7808
4387
8272
3311
7146
4857
9821
9490
4618
7650
2197
7724
3702
6191
2652
3979
6980
2220
5122
3214
9105
8881
619
5320
6032
6493
1485
7016
8304
4366
9852
1622
4977
2749
9463
5312
1276
2380
6955
7883
3173
5183
5395
4431
7259
1936
9549
221
455
5488
2148
1646
7946
1638
6489
377
2603
4224
1576
1588
2188
607
9378
4332
4969
733
5385
6869
4711
2392
9848
6936
3870
1828
8837
6682
5340
2302
8940
7684
8124
9082
9228
7366
3866
2309
4765
6909
2363
786
9749
1350
6048
2243
5531
7879
4007
4168
5884
4540
4434
9842
6754
9837
4557
2293
9491
2122
5823
8950
7876
1901
3969
1406
9452
1789
6270
4207
3148
2515
3917
526
1586
3552
1505
3367
8956
2080
5803
9229
5279
955
3077
7339
6728
7540
5191
8503
9158
7238
4149
6837
8322
760
9827
1800
1845
9442
89
6153
6247
4828
7399
1604
2477
6645
1887
6731
2971
4505
2197
3839
7971
2206
4980
4437
9685
5446
8322
3879
8462
2090
1201
89
6755
9548
4904
4912
4751
7319
9935
5828
9681
6186
7974
6818
3061
5391
2651
1665
5597
8571
5220
1007
7698
8075
6532
4665
7342
745
6060
9743
4372
2263
5197
6402
273
7510
5667
8321
4132
1692
7973
2053
2223
9444
8060
3781
7553
4151
2952
6210
1129
9315
4732
3015
810
6327
5962
7828
7882
8045
5590
1440
6062
2985
1470
9902
9759
3910
8616
6725
8728
2298
9761
3367
5769
3533
1454
4538
9531
4006
5287
1121
7437
6533
4624
8540
5252
4935
5999
5512
4326
9283
947
7817
3080
9569
3518
607
3543
4569
468
6133
4807
252
1952
9358
8998
5261
3182
5555
5996
4283
1326
8793
7192
9896
7696
5181
4263
5939
1331
2103
6956
1278
2427
5348
2566
3671
8242
8101
8845
4191
7684
3708
7022
7023
169
2861
8110
280
7308
3288
3444
1725
7184
8337
1342
7987
4189
7486
1160
2588
5597
8414
1611
3146
7747
6860
7901
2454
5632
6928
4107
6475
387
4742
2205
9191
497
9806
148
5919
3114
9518
1379
1134
6188
7924
6439
5922
3931
6225
8190
8722
3602
7463
4526
2318
9352
5480
2069
5904
4915
8622
215
8230
4736
5513
9963
9709
6002
3425
5096
1654
9189
4682
4976
1590
4985
9102
3526
5543
3739
119
4835
8892
8563
2960
8985
5037
2101
3410
4819
7709
678
3416
8839
2537
9811
8499
7158
9634
9030
2518
5825
6315
3816
4824
8785
4666
8453
4088
8974
3840
8229
7734
9625
5008
3493
6407
4644
8512
2861
9256
6433
485
8551
3089
1001
7964
2482
1220
6765
2325
9850
5000
6942
4663
8880
3234
3865
3395
2018
2544
1020
4187
9274
337
1012
5801
5916
1482
8981
667
3948
1036
7988
9685
9429
1263
2498
3980
8700
5256
7308
9731
4670
4035
9885
299
2638
8403
8792
5727
6846
6284
6439
9520
7376
5082
3487
8707
1946
1677
1928
2495
6363
2488
7856
6940
5008
5033
3488
5087
6573
5959
1406
6231
5579
7204
9709
5730
3185
7525
3440
21
4440
7192
9018
9463
1209
339
6612
3072
3607
4180
997
1017
7920
4130
2945
1542
9799
209
6573
9419
3395
7127
7880
9358
1240
7745
3762
259
5159
4049
9514
9591
2126
9598
261
6660
2639
8709
2100
2963
8205
8656
7176
7506
3420
1492
2129
2900
4646
2456
6245
3759
7271
815
1734
9120
1652
2408
8424
6594
7951
8940
5417
5967
1262
8224
9985
3504
4848
8456
3595
2836
8048
1176
7680
7603
4972
1429
6957
4158
7725
8544
4116
1718
1732
554
2753
1230
5567
4788
1256
8077
2190
6514
6664
2145
8780
171
6307
5752
5153
3281
3463
9858
9690
986
5051
5484
2879
1481
5223
3690
8562
3079
1953
8555
7839
7865
7904
9588
2815
3212
3591
2460
1704
6301
6433
9504
6428
3094
5303
8890
4449
3358
2447
1358
997
1850
9575
3695
2098
2919
3824
8759
4792
5473
4223
7084
1088
7487
800
6884
4912
4922
7212
5794
9639
1963
5015
7424
9062
5039
4794
1046
8606
5584
4979
6505
5427
5772
3163
3455
8196
3333
3666
239
8280
3258
1870
4634
2970
5102
9680
5020
4855
4053
4394
9345
9425
1866
2739
2344
6750
1305
3039
5875
7262
5298
7987
7081
2390
9898
2855
8174
3930
719
9076
4324
5919
3135
8579
9396
9117
836
8619
3680
2951
4197
6645
5446
967
8163
4114
6342
1313
1026
9816
5056
8537
8051
5326
2510
918
8808
2121
404
7953
4367
5696
6729
3732
33
8574
5847
4042
4339
982
9247
6103
1308
7668
6954
3471
9800
36
7226
7854
8590
8492
5573
1194
6861
9758
8131
2673
9282
2762
6807
9618
3730
2632
7294
9530
7334
4279
1535
2094
9528
1488
5536
4971
6592
5222
524
2271
9380
4077
3471
4641
2380
8649
8983
16
7047
8573
5644
61
1262
9872
7364
2124
9911
5709
6074
5372
2588
5064
2853
8006
3761
60
235
8425
6540
7358
9122
1325
5109
1234
9695
1867
7142
6096
9702
1518
8385
3455
7761
9568
8517
5971
5966
2133
5754
4625
2935
3161
8435
8833
5585
7408
6740
8855
810
4567
1482
2204
713
5429
2561
3927
1542
8168
8535
39
8679
960
7225
6089
35
3114
2516
2122
3109
3918
8003
4184
5503
9391
4562
1860
245
803
6627
5504
1111
4563
1112
406
2965
3358
9863
1475
8620
1821
5381
5910
7621
9504
1375
7767
3668
6566
6090
8348
3067
7723
7794
339
4937
9943
9791
5435
7051
8144
9052
940
3000
2107
1169
5469
9640
4620
1512
1343
3877
1359
8686
9743
6600
5252
3886
6363
7468
6801
5053
5326
190
9214
5928
7744
9940
5562
7280
3256
3727
4587
175
6432
7845
6056
3908
7294
4858
6750
9728
5653
7520
5405
13
5361
5313
3282
7220
5410
6967
3936
3077
8135
5669
1121
6197
5443
1104
6763
6070
4753
3968
5293
1186
8391
1312
8409
7293
9628
4686
28
2198
1916
4171
9477
3891
2074
5821
3645
4359
822
1263
8212
5795
9248
4161
2514
2296
1543
7089
3776
3838
7307
8182
3543
9159
5792
3309
7549
3411
9252
2663
1867
8965
3147
4401
1961
4414
7308
2189
7166
271
3454
3055
9090
5060
6671
4333
4996
9780
3113
4207
6354
2792
1846
5138
250
2317
5151
5380
9838
3591
7223
9571
1678
924
5543
6111
7490
5988
13
7356
9447
3424
2131
9440
51
3228
4950
8475
4224
481
59
9120
8473
1202
3643
4661
9169
2303
4194
1965
4276
6829
8823
1763
3564
6880
4368
4420
2
9209
5016
3030
7793
389
8848
9071
8886
8688
5187
4768
3989
5394
9995
7240
4654
1039
6410
9963
3240
917
5052
6210
2728
3599
1836
5270
8251
6441
4352
214
9429
2302
9413
3762
9382
6890
7887
904
3286
9172
8886
5196
8090
2461
943
9212
5949
1925
9090
1313
8046
2521
1314
4815
747
405
1168
4383
3472
2074
1052
4793
4906
731
9795
8844
8373
1374
9676
8209
7514
8146
1608
235
9616
5020
4608
5332
8652
4811
9269
1399
4187
7283
5930
5032
5264
6610
619
2798
1612
9794
4573
1907
2831
3932
6192
3094
5910
5095
5220
6205
9415
6520
3579
4530
7339
2056
5403
8968
9746
7596
5567
5354
6664
5904
8501
8693
2801
6854
1873
1712
6689
5512
7342
8860
1025
6415
8278
6499
4071
8382
665
9371
175
350
5462
3818
8943
8686
228
6124
9565
676
678
5499
8754
9859
466
9763
8674
9956
2621
1411
2522
3873
1109
6906
228
8349
3979
1348
7265
3451
516
2198
7919
3159
686
2204
9223
7628
4223
5075
612
2390
2219
3147
89
793
9490
8267
4361
7299
9108
1610
5921
8521
9007
9326
5149
1290
9364
3349
794
9238
7336
139
2989
9388
4377
7553
3626
471
1749
7413
8456
2997
5827
6576
6871
2308
9290
5721
5347
3741
4227
4446
2293
6033
8552
5420
4601
7216
8621
1194
8007
1001
3031
5702
3085
9316
6514
6643
3131
5966
9473
9315
8178
3661
3873
3557
1566
2911
724
7945
3593
990
2904
3968
9049
4312
9851
2578
8017
3372
4559
1291
8787
4884
1966
8518
8158
9873
709
282
178
7257
947
22
5582
2788
1809
9042
2272
7710
903
1413
4604
479
682
8222
8444
2959
3590
5902
6690
9774
8836
3881
7609
4246
8816
2241
5967
5604
8581
6275
7054
9221
2319
3324
699
9930
618
6313
6334
6512
3198
2702
6512
9428
5931
4623
4621
7455
3232
2622
8248
8777
1707
9303
8207
7110
9215
1080
9601
2631
6598
7904
5014
2272
4785
6588
4384
7651
9261
6478
6505
5399
8203
2621
439
5362
5521
4083
8586
7358
5655
2815
8437
1759
6112
9899
90
4534
6018
4658
1609
5576
6565
7750
1909
3942
504
8988
5621
7918
1136
2719
2058
1040
5437
8326
2739
1106
6729
3173
9884
6369
5031
5501
2265
5153
2581
9913
2613
8194
6605
1420
3133
6117
3742
9186
6567
1904
2959
7969
2311
7124
9116
2162
6983
4209
7755
627
6027
1684
4138
6680
6341
5711
7351
307
6860
7647
8785
5646
8132
7429
975
3808
4730
1870
600
8828
9638
2259
6022
7631
2765
7818
150
6364
1930
9457
2254
3761
2854
359
8674
5454
5335
5013
8245
9811
4557
9017
8278
2961
5763
7793
827
2373
5885
3245
9354
9296
3066
2508
685
9592
938
9982
8810
3671
4932
6810
387
9774
6384
704
9039
2615
9414
2665
3086
5256
8718
834
8133
9221
7151
854
5535
6428
4631
8854
737
8611
5479
2212
1071
350
6868
7048
6524
3645
1417
9311
5401
9940
8373
9823
4749
5856
3321
5967
9717
5891
5627
9034
9732
4109
63
6731
1617
9942
7889
2713
1197
624
8859
1224
8012
6646
6644
9025
154
2916
6785
9381
8006
7235
2897
4785
4677
6067
5669
4217
2310
378
9699
1376
9437
5990
8357
3788
4674
4480
7007
8038
976
8813
5477
2834
3148
4915
8580
6979
1603
3871
319
7095
7578
4350
9548
1257
6159
2268
1469
7500
5489
9909
4208
1149
6607
2692
9449
832
5162
718
6088
2352
3085
330
6343
6514
9879
4423
2684
7079
3522
6831
7968
189
760
618
8485
8797
4867
1532
7829
9545
1553
6854
4273
1428
3841
7126
8533
7644
9883
6281
7559
378
8633
4372
4984
3336
7090
429
4307
8915
1066
5891
6229
3124
8528
6185
9201
2880
9706
9637
5767
3355
7691
870
1961
5563
2405
4079
271
1332
5355
1493
8620
153
1743
3894
9655
249
3808
924
9055
9262
6352
6789
8105
525
6548
1046
1515
867
1148
445
7674
1007
8634
5486
3897
21
3559
8683
8364
5602
2885
9459
8561
6100
5453
9458
9302
7118
1838
8795
3044
5316
9202
8064
2118
6401
9789
3995
1983
7982
1604
9677
2382
1567
6184
4007
5996
6240
7483
4573
8838
3872
6122
4145
7588
8625
7475
6952
3281
1044
5170
9427
5559
3326
8267
3679
2306
177
2161
3998
550
9439
4676
3813
4712
8060
7057
7507
8745
600
2500
2356
133
5510
3083
22
5829
5570
4864
4668
8031
7959
3271
683
8074
5935
312
435
1533
7141
6473
9513
1207
2584
5173
423
2841
4168
2684
857
1402
5105
1323
1454
6800
4249
6075
8916
3441
856
7306
9840
1411
1940
2928
9084
310
6563
5288
1809
5258
9575
8047
4971
5936
3591
4652
8790
9823
1263
701
6953
8970
9729
1675
1750
9738
1164
6582
5787
1889
2601
8220
7267
3201
7871
755
8796
7235
6257
7631
5130
8105
2176
3119
6021
4773
3104
876
4570
82
8038
2335
5333
7364
9848
2783
1103
7458
867
1458
3833
7575
6102
1951
253
2042
298
7995
5572
6012
8265
1056
885
3807
3472
5577
9983
1903
4448
4761
945
582
377
5729
1322
1942
8763
3262
7663
8735
6595
8587
3594
1964
313
1379
6500
5039
4450
4470
2707
8508
3857
6788
6667
4033
4786
6357
1474
4296
9919
6601
2691
7501
332
224
3020
9424
7210
2720
6794
3328
8458
5432
1361
196
7520
6517
6150
797
9542
7637
7003
277
1185
3752
9077
8624
6070
51
8995
8364
473
1366
1507
5262
9243
2347
970
4303
4907
2348
6565
9348
8128
8392
2767
8506
3625
2639
6042
8510
6028
9320
1331
1481
2757
8085
9469
3894
4299
3044
639
9852
7063
6420
7179
595
1057
2496
3908
432
1884
5896
1603
3976
1644
3281
1224
7601
8353
8440
9358
9902
7597
5102
6839
5507
9027
265
3165
2626
2078
4671
6803
6698
3307
478
484
4151
7966
3513
70
2445
8682
5644
9645
3296
8319
224
7802
7577
9674
2035
8545
1786
541
7346
3538
2045
6570
4519
1597
6281
6057
9702
2463
4319
1551
2386
7015
2213
2692
8635
8978
1497
6456
9834
3886
6799
5074
4264
8988
5310
5103
769
877
3030
8958
4671
9465
3428
3322
4865
9485
1892
486
7710
6972
3410
7465
516
3209
908
8249
3935
7569
2523
3433
1467
1369
6793
1234
8151
5579
9842
8058
2406
1330
1072
5641
1865
516
6577
4453
1764
2394
5920
2229
3536
8684
6074
2176
8321
8417
1721
965
3933
1013
6132
1090
1533
9755
5014
2666
3823
1758
2672
1120
5014
4447
1000
2371
7440
4559
1870
4176
4434
2300
8513
3117
660
2222
6033
5037
9972
1593
3005
4790
400
226
7502
3007
5008
1984
1525
1377
3571
9627
3736
6709
6976
2718
6964
9784
7373
5995
703
3565
916
1552
300
8581
8965
3460
9240
7117
4007
3413
7953
889
805
5598
4179
9573
7459
2744
2270
2951
5460
5635
2473
8194
3735
6581
5599
4154
2048
223
6269
8227
8217
4801
9316
7352
6384
9855
6511
8846
982
8525
6578
1384
1576
9579
8935
1256
5755
7306
8142
6647
4636
8212
4971
3900
8102
4191
1354
1854
8807
1528
6456
2066
9390
1362
5761
252
5839
9249
9403
3864
6690
7131
7698
7745
3665
7132
9142
2616
5614
6337
8046
9306
4582
5922
1583
7687
9219
294
8424
3230
343
1519
5163
1027
2522
4884
393
6986
6507
2739
6936
7228
1754
9315
9420
272
2917
853
9950
4550
4657
1803
6598
3511
3522
1631
1253
9685
9582
7979
1746
3510
1453
5106
4362
9604
8115
4937
1626
1481
190
5146
1210
2027
2949
8465
7836
4468
6750
5993
3709
1188
7488
3927
7148
8501
8350
1184
2304
4350
4267
2440
6038
8648
2961
8298
5998
1861
9080
9555
8030
4080
1514
4085
3897
3594
8582
4873
5724
2885
5121
7778
4181
1956
818
7693
4372
1524
5751
2355
9963
3347
9846
2385
4074
2328
4719
2472
4144
6938
1159
9287
665
3992
7347
4083
5965
9127
2678
7669
7541
9434
709
3547
1965
5607
8510
9115
100
9195
1748
6272
4145
488
7901
8100
6
8670
2187
8606
2929
2476
9504
5086
2045
4610
9339
8923
5451
6887
7932
673
9347
1066
5894
121
3350
4574
5010
9728
4484
9144
3226
7500
1188
623
6300
490
3937
4985
3158
535
1368
1129
2371
8731
4705
7642
1852
4377
5148
1461
9762
8866
3198
3160
6877
7742
1587
432
7787
5012
8347
2971
956
2056
8930
9857
5878
2455
2027
4474
7265
4826
3745
3064
5758
2907
5713
4918
4394
3664
3741
8153
9637
8396
8376
6360
3270
1758
17
6719
8460
7252
5296
9701
9259
9900
2663
4404
1985
1421
4704
4987
8579
7812
2344
1331
1106
1248
1396
1060
274
4969
1752
3883
4624
7447
9533
4189
7411
8852
5606
7395
1080
843
3989
1530
6559
2378
420
636
1759
1840
5902
6653
471
8277
2053
9935
782
1978
2781
9139
5674
7566
8432
7190
6140
1128
638
5358
4532
6078
5121
3220
6456
7869
9533
3834
2698
9673
3607
3544
4208
8967
7390
6701
5751
3500
6794
5960
6838
7330
9979
1580
7771
8078
6083
4625
1256
5209
1473
6723
8036
107
41
767
5143
2495
9073
41
5322
9044
3092
7419
5325
1911
8080
9024
8140
7145
8135
1180
4266
3856
1728
8231
5342
6477
1373
4288
2663
8007
5573
8219
8820
7749
9186
5303
8609
5971
5691
5634
3760
4434
1713
7782
2782
3017
1939
7302
6389
2779
2455
1472
8939
7515
3714
3019
852
9922
10
2367
85
573
4689
206
2499
8755
8440
5391
3298
4851
6774
4787
5344
1478
1618
5271
5261
6502
1674
7594
3094
5532
183
7854
350
7786
569
6915
352
4630
8489
6268
3184
1989
8463
8390
1051
8693
8651
7089
3839
6791
7696
7732
6267
8497
5796
5552
7409
6295
6382
3619
8178
7145
7001
853
1796
3345
6026
6337
8705
4400
6926
1133
8291
1546
8432
3170
7566
4752
72
744
9295
3723
3931
7802
2697
6744
2753
7438
4661
3321
6887
943
257
7603
3496
5829
3843
2153
6215
673
8750
5211
2428
7049
8458
2211
7308
7997
4574
2983
7989
5913
7165
3256
9622
8756
8140
1710
1068
7436
4246
1923
3344
3943
4953
2536
7321
4876
9002
7444
914
3395
7923
6007
2684
7841
6762
7428
3476
3634
1328
2059
4271
3965
9230
6633
5428
9856
7153
7995
418
9117
4203
7313
7645
4435
8352
9510
6605
6504
3322
2393
7693
3519
8241
7916
4196
8451
882
5685
1371
640
6983
3787
3833
131
1343
9613
1691
3343
7307
8945
8081
8626
7078
1181
8077
8050
8391
286
2476
1750
4092
6456
6817
1788
7197
6802
3407
829
1649
2955
623
9844
8288
7126
6335
9536
2383
9019
1424
757
4809
4782
5789
6458
546
3906
9833
9579
7760
6997
4542
9996
9738
8992
136
1023
4252
5889
5881
6480
2174
8845
7226
44
880
924
4863
1446
3562
7842
5982
559
4012
8197
4715
2917
3386
2231
5511
1199
6680
6922
183
2064
9356
6698
1216
9178
625
9809
8460
3620
4152
4179
5387
744
3122
6088
274
5767
9166
7412
1401
3217
5092
913
9716
5914
15
647
5191
7533
6991
6615
7487
2457
1593
5594
7014
4056
4621
2602
4401
4299
3732
8638
8125
3389
4781
2160
3051
4399
9827
378
2637
2610
6903
9277
1245
3466
9809
3101
7805
2869
8503
2708
4804
559
6083
5101
1328
9732
1270
4160
9807
8068
9832
82
5740
4786
6494
9628
2262
9886
4106
7658
3686
6322
3413
4873
5066
3952
7498
688
8962
6682
9999
8944
5005
3547
1300
7011
20
3754
2555
481
5670
6229
4223
2499
1982
2653
2095
7128
1306
2228
5073
583
5197
2648
5915
8780
124
7042
8173
6994
9320
629
5482
9679
2381
3289
8057
8639
9098
5341
4364
8546
7203
1306
8829
9018
5057
3675
8463
6050
7547
5194
2353
1543
5280
2442
7126
1692
1894
1552
5583
335
6120
3479
282
1776
676
1026
7454
5086
2535
4345
6277
2116
3985
8986
8232
7034
423
5685
6290
2348
6875
4008
8942
4096
9556
5711
7806
361
9902
4615
8451
5400
6325
6727
3590
2350
6105
1718
4915
3566
4716
6776
2165
9502
458
8119
5195
7888
3691
2531
5210
6222
2471
6177
2493
6553
8816
9300
4567
5051
9925
5709
1405
6503
4371
4643
1668
2060
60
8661
9005
8311
663
9141
877
6043
8629
625
9458
3991
3986
2705
7040
7386
3309
174
986
4994
7495
5793
7163
9602
2113
207
5332
308
3890
2947
9761
754
6136
3118
2380
1467
7786
209
8229
133
9022
1526
3752
4628
2018
6032
6635
7481
3693
3216
644
4332
3784
5522
2226
4200
1474
2807
6806
4085
3186
6487
3523
992
9099
8244
5970
4779
7919
9199
499
5754
604
1366
3890
8933
2419
2254
9450
4751
7384
1501
4370
9922
5535
6109
1170
6292
9655
1134
3131
8597
2876
1182
9687
3430
7368
2260
9818
2329
3388
2251
3047
4512
4244
7589
9091
1528
5379
9830
6082
655
2585
590
2026
520
8505
9894
5783
347
929
9000
9442
816
972
8362
1550
3692
7919
2629
1283
4616
9122
604
1703
5343
9872
2345
8306
892
1603
1686
6846
6719
5192
4860
1547
7663
9435
5659
5265
6484
8203
8689
711
4412
1117
5402
154
9908
5414
5470
836
2818
6021
612
8470
7518
9122
9843
5371
7662
1225
2826
6865
1095
4543
8566
7599
9983
8892
1535
8611
3491
62
3685
5893
501
2846
8378
7634
6548
5235
7949
6718
2711
3320
4329
6479
4041
5252
93
2054
6894
7658
1032
4333
457
5236
7812
9630
2577
471
9796
3188
7828
1847
4417
4051
7734
1185
1648
1515
4935
662
608
2802
8288
8881
6474
1526
8050
5007
1413
5247
9917
7054
9710
1130
2606
311
2591
3563
6104
146
2489
4176
7184
996
6995
4514
6416
5624
3505
2606
5817
5838
6727
8540
1044
3455
13
9130
5221
1870
1652
8692
3083
3345
8818
9036
9408
9320
618
7521
2792
8361
4907
3479
1892
7155
9591
3232
7459
4229
3191
6951
2162
1668
1505
8923
1206
824
2625
1739
888
1908
2864
8737
850
6654
9217
5567
888
584
9815
9865
4870
6533
4663
1815
8782
6328
8264
3776
6149
9449
1104
9291
6807
7210
4586
6582
1212
4663
603
2143
6191
1381
4751
9465
6960
3965
8060
2908
8249
6189
7001
1498
3891
5593
7165
6251
6981
5570
6649
6390
349
7317
4924
3861
1789
8436
4779
2122
429
8216
4072
8607
4286
9379
6225
3923
9832
351
201
3216
2813
5891
9773
9977
2934
3029
1915
1037
6989
8903
7686
6936
3023
6084
1812
289
936
2499
4278
7248
448
2065
2596
7593
8589
3685
3179
8001
957
5753
9065
5656
3595
7250
6020
3289
3310
2087
769
4204
4608
7484
1394
8647
9103
6499
3731
2443
954
5392
2743
2212
9053
2193
5366
5487
3638
9073
7181
9394
2854
5128
9556
5273
7535
7791
1322
6422
8772
309
7140
4211
7221
4900
5565
3528
7050
7194
9600
7069
1271
3593
2151
9027
7850
5681
7701
7899
4672
8309
7647
3811
4514
2897
9137
1981
8101
1361
3544
9382
6507
8799
8356
9472
3744
1632
7777
692
3980
3991
7614
7976
5187
981
487
137
1380
5599
2425
8892
6497
4939
2736
7325
8501
3733
5153
6075
4311
5076
9437
9074
2427
9370
1008
3332
8609
2348
1694
8832
4557
10
7673
4008
2634
3931
5424
4520
5574
3905
8877
2059
8418
4923
2925
8921
8608
6667
9827
2315
5418
3659
1040
3158
689
2048
9350
9838
3380
6925
8723
572
5637
4945
1897
2610
6836
5450
5046
5633
9988
6307
5131
1229
3837
4855
8434
6536
8440
9380
4939
9331
6988
4384
8861
720
9683
7213
8960
6803
4731
4357
5365
8589
925
7748
9152
5238
855
9044
1357
2333
9251
5088
9348
4174
1176
7491
4927
2383
8856
7678
6594
5119
4611
7056
5383
5668
5695
6708
2188
7656
517
3454
4193
5065
650
5570
6067
8363
808
9883
5797
3522
8652
9710
6968
4589
9614
2338
4329
8829
8750
7308
8188
2546
6234
7738
4992
8210
248
5933
8451
8620
9820
3937
3369
1701
5834
1720
3373
8944
1701
1584
3026
5182
275
2446
4424
216
2166
9575
2706
7307
3920
3358
7920
2674
5065
4300
7076
5839
8434
5644
5405
9046
1199
8011
5882
4154
4576
7994
6506
4391
677
348
2026
5511
3699
2988
3746
5022
6676
1385
9371
6130
4664
8259
3127
6250
7199
4569
679
8051
1846
2204
3372
1282
4660
4575
8449
9649
3186
69
7807
8335
6442
913
3844
2847
2756
9272
2537
90
9528
2395
2512
1242
3957
962
160
167
8932
3306
494
5412
4556
3466
6873
1825
7669
7223
5423
3353
481
6152
3698
5653
3089
5674
3631
4808
3270
2796
3686
755
3652
8976
6203
9091
1031
2914
9303
5803
5087
4050
3687
8262
5484
56
9453
7492
4090
5673
4425
3033
4824
7476
3331
3009
1376
27
7736
9385
9534
6186
9361
7589
9479
7085
9064
5406
6329
1862
7475
771
6317
2064
2585
7234
1738
2047
9322
9051
7472
1522
5476
3644
913
7925
855
3782
9546
7415
8117
9711
6561
7545
5485
7594
3931
5500
3215
5047
3866
661
4390
3503
9156
6304
9547
3221
5248
6565
4551
5784
8951
3076
1045
5698
8512
9578
7801
4204
31
2884
6723
7337
2081
7865
8290
3703
5244
8061
2183
4045
4888
8224
7709
9341
8347
1742
5074
5962
2902
7225
6744
472
9435
998
7480
7035
5966
2952
6753
3448
3512
1537
7245
1917
9294
315
8171
2642
278
6663
9791
3007
9541
3278
2699
4780
1686
4162
4330
1708
9185
3912
6964
9383
2939
2414
305
639
6230
6066
4525
8112
7128
1617
1801
1907
4398
721
1458
5572
5472
6399
2622
7310
5685
6012
9208
3378
1838
4248
1913
1967
2231
8710
1287
3475
7673
9236
5010
9423
211
8409
6394
302
8251
3120
8933
8209
7248
5027
8011
5848
5130
8844
594
5570
3613
7355
974
406
4238
4521
7205
9687
5949
97
6197
5240
4220
8466
7770
7174
6473
7362
4319
5884
5097
5462
4973
8634
6877
4763
7597
1415
1042
1067
3022
7371
4676
7458
5326
7632
462
1983
8142
7613
6587
9306
319
9270
3741
8157
4316
5216
3356
9993
4270
8615
3939
4760
2631
1774
4482
9368
5353
851
9108
8048
4676
9066
8686
2440
568
2264
8148
1934
5525
4664
7122
7684
4668
5718
9440
8106
3557
2828
4633
1657
7706
5707
1992
9390
5733
49
7973
4311
3138
8472
3193
2695
5133
7552
9319
2199
9133
9705
3179
9680
2505
8374
715
1761
3154
2134
1807
969
5659
284
3641
1242
5250
2
8703
8964
617
7719
7413
3493
1151
6535
7658
3379
9934
9944
7426
3442
9572
2405
6455
8335
7694
2438
1030
8262
417
2246
1950
5005
1234
7473
617
8165
7915
318
3013
939
4739
2844
8802
3429
6723
5092
1438
114
2177
2390
5227
9266
6426
8248
1136
6093
3650
9643
26
6945
5037
9923
5692
8379
4572
8821
9
4349
3385
7760
8975
3025
8800
5926
4729
4769
7285
2574
8162
9650
1002
6549
1352
6215
9083
8594
1087
3856
2069
4350
1344
7742
6266
4439
1352
4641
5090
852
5406
7878
9427
4091
7807
8434
4804
2788
7546
6802
6705
7055
3758
944
3437
5296
4579
4259
1251
7541
4225
9255
1692
7324
5292
6675
8364
5330
7081
5958
6400
1812
1644
8373
3594
7378
1606
7875
7124
4377
5331
2544
3848
3230
2615
127
5025
3181
9308
422
8713
3250
9984
7501
5865
7218
6058
8475
6023
6261
9500
1732
1058
7839
2224
8752
4129
287
9856
5169
4849
588
4529
5877
8874
2216
9866
3827
5964
8086
7426
2036
9162
818
5881
4500
506
105
9414
7962
4645
4395
4529
397
1093
3046
9789
1840
6071
2940
578
2418
155
8226
5019
9440
7112
7350
787
2723
2317
3163
9345
2210
4507
1244
8844
4888
2779
5004
1062
3841
1648
62
3683
7969
8160
1563
3390
956
7694
5177
9163
6827
2767
4525
2950
6201
503
6937
4870
3613
3113
438
9172
6276
1567
6822
256
6553
2516
819
9016
3676
9121
8225
692
3154
3605
1825
3983
6183
2420
6703
4811
632
7555
1355
1258
5047
2037
6557
6352
1594
2109
8122
2511
7078
9173
1069
2316
1707
6678
7998
5818
2536
8338
9401
1775
3368
7857
377
9615
8816
3055
8900
2068
1966
2280
2803
7344
882
6422
8877
2566
9888
7059
8312
8562
7730
3661
5954
7345
3860
6043
1034
2366
4380
2056
898
5564
5028
5355
5948
5050
8589
2478
6616
5673
134
5727
3274
8184
7684
4193
1990
3841
1137
6807
8852
4642
8875
5350
4188
5554
6419
1218
9270
1330
6646
8951
4793
2405
7421
4295
1231
8800
8754
8255
34
4984
3869
2877
2035
5657
234
2664
4164
6051
7632
1990
6887
4050
4067
2032
33
9161
8758
6027
4620
911
9956
6029
1648
5438
9177
2322
6959
609
647
994
5785
2568
7233
1985
1894
2898
8681
1149
2922
1957
3750
9280
8490
9208
8427
3343
1366
3941
5129
6934
2476
6976
4352
7695
5599
77
1983
1334
3984
5970
5812
5737
1014
4616
6157
8765
2082
3581
6008
2309
5235
6338
9963
9308
9620
2045
4646
6129
9913
7488
601
4962
6676
9863
9479
9609
3720
3719
4946
6863
2689
2555
4234
7092
8984
7272
9605
4852
4575
5867
4272
9500
9834
4489
8040
560
5242
4734
9992
8394
7453
2640
701
2213
4895
2774
9807
944
785
3388
719
2755
138
9993
4023
818
3867
1354
5929
1127
3416
353
445
9864
7337
4994
4910
8036
4039
8614
5364
18
9630
8921
3211
6008
5947
2666
7740
9280
3286
3735
4768
5694
3595
7119
3113
6516
3614
3360
6392
4750
2764
2438
7234
1033
1600
5979
2822
5442
340
4274
5847
4190
4222
857
9026
9457
8522
2054
6944
2655
3764
1611
1632
5422
1573
3053
5072
7882
2763
9893
2009
3707
366
5886
3211
9425
3624
8664
2673
6241
9644
1881
5500
6162
6952
9996
2082
3616
6075
1780
4559
4432
9540
581
1651
4546
3560
9713
8221
2173
2908
7233
2666
7847
1592
9542
9469
1543
3724
6666
1939
826
7600
1005
3889
8460
6293
3057
2303
113
3762
2196
5150
431
2050
5963
8832
4431
6127
8731
7113
3191
892
6953
3122
5993
1060
7737
7924
4136
9948
2935
3286
2412
759
4566
1540
8058
1981
3165
9206
1709
5357
2248
7644
8191
6238
858
7114
2633
8491
4245
2032
9444
9548
9305
5187
9157
2037
3431
4508
8411
9514
8717
2416
1652
6036
6620
6207
4085
9019
3479
6913
7961
3352
4474
7118
5865
4772
2288
7441
9124
722
5504
4876
511
3781
5009
9076
4710
8453
6629
2031
5073
4162
9499
9067
212
3470
8427
1566
5270
3776
9727
1898
4034
3261
6679
9156
9253
2522
4891
1885
5017
2521
7174
4570
9599
4978
1238
3423
4042
5460
6910
2447
4288
4350
7317
6510
555
330
778
8081
4220
3881
1376
5562
272
4363
1378
6847
8137
7203
1638
2060
9450
5484
1926
3645
4234
3788
2260
5929
2795
3499
2872
6838
3900
966
3072
7189
1847
1025
5133
247
1845
4300
9921
3653
8502
5210
3744
9221
3951
8112
9782
8146
3754
9520
6371
403
8602
3259
6638
8522
3264
3572
9892
9188
1287
6316
4506
6313
8384
5735
6172
9590
3816
8886
1928
9423
4789
2982
1894
2138
8025
5771
8083
7278
4111
8889
610
607
9843
2201
6560
4607
9761
6680
5006
8606
2544
1440
4239
261
2194
7705
9363
7438
9506
2364
7872
5403
3966
5531
3419
1541
9738
5787
2081
3264
4840
1817
3396
6562
3689
4364
1426
2182
7321
8285
8561
9829
980
9502
7086
8632
6386
8441
5200
2170
2261
1983
7640
1730
649
5022
6020
9887
4098
9047
8319
4938
7865
6056
3372
3851
7008
4072
3415
3264
5672
7035
9396
3275
1197
8819
9043
1168
4167
6396
3892
1666
9898
876
3271
412
6139
618
5331
5093
3007
8227
2310
2726
54
2824
8645
9699
4253
2920
821
3005
8463
3693
9311
9839
3577
1311
1627
4508
1569
4490
3715
2500
6509
6145
3331
9683
2302
1762
432
7856
7209
9424
571
7001
7590
8697
3412
7710
6570
4071
7154
6997
2651
8486
680
8999
7119
7976
1613
9426
1074
89
96
3797
1607
6163
7133
9410
1686
7342
7506
4403
7280
4672
5423
7551
2710
4058
9223
1933
8159
8485
5797
3099
9789
6655
9717
3086
9320
4995
7308
9908
152
6820
894
1394
2177
7230
9301
886
9157
9720
6086
4733
121
2287
3930
8780
5976
4199
277
6395
4372
7468
9680
8479
1011
8106
285
798
9389
641
5859
1900
4565
3105
8220
7224
5378
3581
9585
4931
5949
4786
6871
1263
6882
7898
7639
2470
5408
7820
2647
863
2914
5228
1772
6119
6886
9495
9568
2645
5615
1193
3082
7889
114
5977
8569
4691
7067
4413
849
8128
9422
2596
8697
5325
4294
5076
164
5121
6743
598
2955
6884
402
6339
1966
1059
3734
9353
1625
9347
9257
1935
3182
5519
3038
3196
4921
560
3491
3530
5591
7765
7206
8265
9849
5184
3173
9305
4715
6370
9668
9521
6200
7162
8398
2074
2133
8322
9584
4676
8602
6279
4984
5516
8717
5357
6390
6060
653
2377
4953
9947
3600
7838
2327
4778
3468
3089
3523
9535
7087
8778
557
309
6377
9560
3172
4569
5350
3651
2429
1119
9481
6036
6360
5166
2431
5252
9430
1903
7182
1950
6186
872
5782
7743
3545
9647
4433
1377
9494
9464
8706
8800
9896
997
9268
2028
133
5841
638
8844
6588
5430
2558
7640
1812
9054
157
2803
8888
9197
6613
4858
1164
6032
1529
6315
2733
1001
1117
1923
6553
1201
4461
7998
4089
706
91
2597
253
1437
6613
4617
9500
8305
953
2737
3817
147
1902
5702
8679
5609
4864
8112
2906
3898
5440
5851
1990
3309
5632
4907
127
1830
9435
3797
907
338
5566
1445
966
8252
5596
7178
7379
8320
2785
9470
1368
1263
8534
5459
6888
8796
3342
6684
9571
844
9070
5002
7198
3909
7884
9403
5644
3964
1614
503
2962
7304
2744
7603
3968
8906
4344
4066
1180
6760
9000
9346
7087
8891
5121
3941
1576
4562
7829
9186
1473
1234
7283
9927
74
2869
212
6825
4720
5867
7698
7900
5799
4491
9691
1962
2864
5796
610
7161
5344
5976
6630
5046
7560
1764
240
1810
6985
6691
161
4317
4088
3478
7038
4683
826
1347
9076
6965
8754
5282
4716
3187
2077
4514
1841
213
1742
3558
8814
3850
4707
7558
6213
3482
4854
8294
8612
4865
586
8685
8
3858
673
9475
8223
2598
6153
4489
4252
1855
2309
9053
2492
545
859
4241
7675
9984
9339
3536
418
6178
3573
3473
9760
5700
1435
7658
1954
6260
2235
7635
7591
5855
2956
5151
9414
7928
7598
8233
9899
6415
8165
3719
8419
410
6952
925
9091
6490
715
3367
550
7704
4257
8113
7270
3624
1924
940
2235
3214
9046
8121
3867
2733
3998
7954
425
2835
4595
5747
163
2895
6126
2275
29
1937
9912
7011
2346
6826
5445
9174
591
8333
25
6134
9205
8764
3220
3050
7995
8856
1146
9061
1211
991
8442
2862
7138
1471
4330
3111
7406
6014
2581
6358
9114
7505
2044
1891
2809
4750
2894
1164
1484
9781
4349
6018
8618
8864
1157
3650
3525
3501
7382
8674
3597
5145
5928
8007
6321
9668
3241
7136
3288
7633
5336
8899
8953
1952
2895
5982
4476
7554
8028
2786
9135
6011
9094
7465
5787
8123
4823
6011
208
1432
6350
7563
7453
758
220
4633
2625
4670
343
2149
5390
3625
8134
9226
4682
9130
8402
1101
7037
8227
7475
3477
2887
2034
8588
6188
6472
7667
483
8332
2149
7913
3208
8082
531
8070
2047
4508
8910
4181
8273
6010
4412
9526
9562
3455
5911
3923
97
6353
7005
3101
6175
9224
7423
9391
5446
4176
4018
9972
9464
7907
6826
2322
8817
506
838
9308
469
160
9232
6962
4220
3648
7974
1083
8019
5123
2187
4504
1313
6508
1428
6296
9452
5699
7766
6486
9648
463
9602
4399
835
125
9045
3632
7123
8120
2015
2133
7339
786
6767
5459
2681
4416
6346
693
5378
4392
3941
2630
8576
2657
5573
6247
9868
5352
7355
4018
7929
5225
353
7903
4715
7210
903
7028
5213
245
6118
9469
3742
9766
1431
1685
1884
4005
6324
5248
9447
4702
8741
131
6108
2887
8881
5694
6640
6639
4422
1258
9635
2718
2094
6416
2529
1750
3268
562
8721
3000
209
8501
420
5953
2217
9625
3191
906
128
3056
825
6223
3864
2330
6692
1537
551
4006
283
7226
3214
8070
5217
276
5719
7159
2547
3856
6869
4530
2232
5568
4759
8537
940
8884
3710
2417
5523
7742
4773
1525
8094
7467
6251
5702
7911
4697
1350
6931
8473
9654
3497
5345
7412
622
9487
6712
4792
2709
6117
7104
3211
4150
9716
7954
8265
6291
38
9995
8894
4108
4716
4137
3120
5930
7457
8639
1089
6869
8820
2202
6969
8343
2765
4024
2213
7610
8824
8001
3552
316
2696
6301
4305
1168
6473
7498
1201
6727
999
3644
330
2174
2429
8725
8769
7678
3016
7095
5617
1022
3346
2152
2002
3006
2238
5789
886
4941
1487
1725
2071
8341
3678
9339
698
3869
6981
4271
715
8214
8911
2903
1602
3929
6278
3797
6955
241
2750
6220
9970
1452
8683
5687
6462
2004
3480
9480
7773
4356
4331
25
7231
5713
9979
1407
9910
9624
9856
1610
5092
351
9682
9206
2231
7492
5053
7347
7403
9025
2419
2016
512
6363
4420
3442
5801
7302
1941
5420
4377
8801
9579
6594
1779
6354
1101
2674
5973
754
7939
5798
4290
3151
7736
3870
7451
9134
7882
3604
8672
7722
525
4437
2572
1332
347
5295
2351
8174
542
7626
5414
5124
5603
8031
9921
3332
5505
2570
2545
8103
2053
3334
6830
6240
7705
5001
1258
3752
5395
2500
3615
4660
5785
2977
9703
2738
5810
9425
329
1821
2880
2234
8128
4511
1751
6221
1708
8206
9220
4770
1246
8264
9531
9943
7609
3368
3707
2394
7474
5310
3110
8827
6530
4656
9837
2101
4303
2331
5258
2136
179
3006
4221
8006
5219
1792
7130
4578
4702
8578
9341
8323
234
7642
7646
5092
9184
4606
1432
1299
6735
9466
216
6499
6407
9465
1637
5895
3101
6562
5694
8730
9397
1535
72
445
789
2135
5530
2197
9576
4523
7987
5989
495
8324
6014
6193
2768
954
7188
4500
8744
8805
5620
9670
3570
9385
724
6137
3633
4536
9349
9293
2979
2068
372
3931
4419
1136
9469
4743
757
2541
7669
5069
9201
7872
7549
3658
1375
4305
50
4337
2640
8479
28
6590
8514
7551
8882
6493
4300
8466
764
5658
888
3405
875
1134
2294
6675
8594
1158
824
8988
2570
4778
1816
620
7091
4303
1272
2430
1539
1859
4278
90
476
6484
7364
5772
2256
6732
7240
9670
3068
1825
6228
2182
5046
3357
3530
9319
6443
1926
1336
9869
5278
5704
8551
3473
7032
5432
8710
5067
5854
7037
9214
9395
5331
7149
785
7499
1733
4245
3206
3770
1489
6219
1057
9172
6787
330
2976
6546
9710
6691
2248
7702
6763
4668
1888
5978
1146
8394
9756
3851
7762
9489
5099
5604
6022
5278
5740
5653
2708
8234
6466
2725
8451
8693
6980
7279
6092
4310
8363
4093
257
8751
7606
9734
9882
5727
9731
4652
5696
4574
5967
3631
6683
5590
2530
1114
5542
1878
5954
1276
4691
3523
4113
6566
8724
2664
4039
1219
5550
9947
5411
9084
7384
8439
6459
9360
2557
8548
3411
4911
1353
4119
5858
7205
9970
4444
1139
2033
7610
2166
8755
4695
5086
9531
7161
8786
6893
1078
3483
6648
2341
4184
6860
4666
2228
1979
2443
3861
3361
2262
1915
6192
782
173
8170
6292
876
8809
2901
5725
4507
2881
373
8052
3752
5070
5822
2027
6064
7306
7177
4100
8266
7287
5876
9458
5966
5674
4801
4789
979
8881
4375
1428
7851
224
8912
9913
7584
156
6219
6976
3122
4114
1816
1424
4951
7936
4559
1779
8408
5168
6164
7894
6750
3345
2582
4724
9010
7598
6646
7421
3690
8818
8200
2946
5765
3395
9235
7564
8500
5821
5368
9527
6488
2763
5065
6459
3570
1057
9130
96
7227
9854
8858
3668
7826
5470
726
3000
1680
4317
7872
5959
4340
3728
8510
3121
8504
3623
1910
5269
3649
1835
9964
3985
90
7067
3075
4267
8176
3223
2460
808
2104
2468
5202
6400
5060
9278
9175
1375
5606
363
8647
3693
7450
7171
1671
7689
9030
7774
910
6272
410
8449
443
9511
7860
4909
4264
8831
2014
6612
9720
6448
7598
315
5003
1673
56
9285
9319
8108
1889
7996
1867
7021
2673
6297
763
1332
6581
7707
1128
2222
2942
6576
4189
4744
9063
521
5979
929
1864
4207
6803
5788
7564
9817
9943
7509
1615
3300
660
1485
6609
203
9691
3871
8890
2979
7966
3442
8901
9125
4462
4343
9258
418
5706
397
6368
470
4498
1037
4687
7846
5665
9464
597
6111
4632
5584
3380
7719
7932
9144
9643
135
7290
9629
5597
5620
2408
19
841
159
3648
4379
3728
8511
3401
4533
4254