10000
9999
9998
9996
9996
9996
9995
9995
9994
9994
9994
9993
9993
9992
9988
9985
9984
9984
9983
9983
9982
9981
9979
9979
9977
9977
9977
9977
9974
9972
9972
9972
9972
9972
9970
9970
9970
9968
9968
9964
9963
9963
9963
9963
9962
9962
9956
9956
9955
9950
9950
9948
9948
9948
9947
9947
9947
9947
9946
9944
9944
9943
9943
9943
9943
9942
9940
9940
9935
9935
9934
9930
9927
9925
9923
9922
9922
9921
9921
9920
9919
9919
9917
9915
9913
9913
9913
9912
9911
9910
9910
9909
9909
9908
9908
9908
9903
9903
9903
9902
9902
9902
9902
9900
9899
9899
9899
9898
9898
9897
9896
9896
9896
9894
9893
9893
9893
9892
9888
9887
9886
9886
9885
9884
9883
9883
9882
9879
9877
9873
9873
9872
9872
9869
9868
9866
9865
9864
9863
9863
9860
9859
9858
9857
9856
9856
9856
9855
9854
9854
9852
9852
9851
9850
9849
9848
9848
9846
9844
9843
9843
9842
9842
9842
9840
9839
9839
9839
9839
9838
9838
9837
9837
9837
9837
9834
9834
9833
9832
9832
9830
9829
9829
9828
9827
9827
9827
9827
9826
9825
9823
9823
9821
9820
9818
9817
9816
9815
9814
9812
9811
9811
9809
9809
9807
9807
9807
9806
9800
9800
9799
9798
9796
9795
9794
9791
9791
9791
9791
9789
9789
9789
9789
9789
9788
9788
9784
9782
9781
9781
9780
9780
9774
9774
9774
9773
9771
9771
9767
9766
9766
9765
9764
9763
9762
9761
9761
9761
9760
9759
9758
9756
9756
9755
9750
9749
9749
9746
9744
9743
9743
9743
9741
9738
9738
9738
9734
9732
9732
9732
9731
9731
9729
9729
9728
9728
9727
9724
9720
9720
9719
9718
9717
9717
9717
9717
9716
9716
9713
9711
9711
9711
9710
9710
9710
9709
9709
9709
9708
9706
9706
9705
9705
9703
9702
9702
9701
9701
9699
9699
9699
9699
9699
9695
9691
9691
9690
9687
9687
9686
9685
9685
9685
9683
9683
9682
9681
9680
9680
9680
9680
9679
9678
9677
9677
9676
9674
9673
9672
9670
9670
9668
9668
9668
9668
9657
9655
9655
9654
9652
9650
9649
9648
9647
9647
9646
9646
9645
9645
9644
9643
9643
9640
9639
9639
9638
9638
9637
9637
9636
9635
9634
9633
9633
9631
9630
9630
9629
9629
9628
9628
9627
9626
9625
9625
9624
9624
9623
9622
9620
9618
9616
9615
9614
9614
9613
9609
9608
9606
9605
9604
9602
9602
9601
9600
9599
9598
9598
9597
9595
9595
9592
9592
9592
9592
9592
9591
9591
9590
9589
9588
9588
9585
9584
9582
9579
9579
9579
9579
9578
9576
9575
9575
9575
9575
9574
9573
9572
9571
9571
9571
9570
9569
9569
9568
9568
9567
9566
9565
9565
9564
9562
9560
9556
9556
9555
9555
9553
9549
9549
9548
9548
9548
9547
9547
9546
9546
9545
9545
9542
9542
9541
9540
9540
9539
9538
9536
9535
9535
9534
9533
9533
9531
9531
9531
9530
9528
9528
9527
9526
9524
9523
9521
9520
9520
9518
9518
9517
9516
9514
9514
9514
9513
9513
9513
9511
9511
9510
9509
9507
9506
9505
9504
9504
9504
9502
9502
9502
9500
9500
9500
9499
9499
9496
9495
9494
9491
9490
9490
9489
9487
9487
9485
9481
9480
9479
9479
9479
9479
9478
9478
9477
9477
9477
9476
9475
9475
9473
9472
9472
9472
9470
9469
9469
9469
9469
9469
9466
9465
9465
9465
9465
9464
9464
9464
9463
9463
9463
9463
9461
9461
9459
9459
9458
9458
9458
9457
9457
9457
9453
9452
9452
9450
9450
9449
9449
9447
9447
9444
9444
9444
9443
9442
9442
9440
9440
9440
9439
9439
9437
9437
9435
9435
9435
9434
9430
9429
9429
9428
9427
9427
9426
9425
9425
9425
9425
9424
9424
9423
9423
9423
9422
9420
9419
9416
9415
9414
9414
9414
9414
9414
9413
9410
9409
9408
9405
9403
9403
9401
9399
9397
9397
9397
9397
9396
9396
9396
9396
9396
9395
9394
9393
9391
9391
9390
9390
9389
9388
9385
9385
9383
9382
9382
9381
9380
9380
9379
9378
9375
9375
9374
9371
9371
9370
9368
9368
9366
9364
9363
9361
9361
9360
9358
9358
9358
9356
9356
9355
9354
9353
9353
9353
9352
9350
9350
9349
9348
9348
9348
9347
9347
9346
9345
9345
9341
9341
9339
9339
9339
9339
9335
9334
9332
9332
9331
9331
9328
9326
9323
9322
9322
9321
9320
9320
9320
9320
9319
9319
9319
9319
9316
9316
9315
9315
9315
9314
9312
9311
9311
9310
9310
9308
9308
9308
9306
9306
9306
9305
9305
9304
9303
9303
9303
9302
9301
9300
9300
9297
9296
9295
9294
9294
9293
9293
9291
9290
9290
9288
9287
9286
9285
9283
9282
9280
9280
9279
9278
9278
9277
9277
9274
9274
9274
9274
9272
9271
9270
9270
9269
9268
9268
9266
9266
9266
9262
9261
9259
9258
9257
9256
9256
9255
9253
9252
9252
9251
9249
9249
9248
9247
9246
9245
9244
9244
9244
9243
9240
9238
9237
9236
9235
9233
9232
9230
9230
9229
9229
9228
9227
9226
9224
9224
9223
9223
9221
9221
9221
9221
9220
9219
9217
9215
9214
9214
9212
9211
9209
9209
9208
9208
9207
9206
9206
9205
9204
9202
9201
9201
9199
9198
9197
9195
9195
9195
9195
9191
9189
9188
9188
9186
9186
9186
9185
9185
9184
9182
9181
9178
9177
9175
9174
9173
9173
9172
9172
9172
9169
9169
9166
9164
9164
9164
9163
9162
9162
9162
9162
9162
9161
9159
9159
9158
9157
9157
9156
9156
9152
9150
9149
9147
9144
9144
9144
9142
9141
9140
9139
9137
9136
9135
9135
9134
9133
9133
9130
9130
9130
9129
9128
9127
9125
9125
9124
9122
9122
9122
9121
9121
9120
9120
9117
9117
9116
9116
9115
9114
9114
9113
9111
9108
9108
9105
9104
9103
9102
9101
9099
9098
9094
9094
9091
9091
9091
9091
9090
9090
9089
9084
9084
9083
9083
9082
9080
9078
9077
9076
9076
9076
9074
9073
9073
9072
9071
9071
9070
9070
9069
9067
9066
9065
9064
9063
9063
9062
9061
9055
9054
9053
9053
9053
9052
9052
9051
9049
9049
9047
9046
9046
9045
9044
9044
9043
9042
9042
9039
9037
9037
9037
9036
9034
9030
9030
9028
9027
9027
9026
9025
9025
9024
9022
9019
9019
9018
9018
9018
9017
9016
9016
9013
9010
9007
9007
9005
9003
9002
9000
9000
8999
8998
8995
8992
8988
8988
8988
8986
8985
8985
8984
8983
8981
8979
8978
8977
8977
8976
8975
8974
8970
8968
8967
8967
8965
8965
8964
8962
8960
8958
8958
8958
8956
8955
8953
8951
8951
8951
8950
8946
8945
8944
8944
8943
8942
8942
8942
8940
8940
8940
8939
8935
8933
8933
8932
8930
8928
8926
8923
8923
8921
8921
8920
8916
8915
8912
8911
8910
8907
8906
8903
8902
8901
8900
8899
8898
8898
8896
8894
8892
8892
8892
8891
8890
8890
8889
8888
8886
8886
8886
8885
8884
8883
8882
8881
8881
8881
8881
8880
8879
8877
8877
8876
8875
8874
8868
8867
8867
8866
8864
8864
8862
8861
8860
8859
8858
8856
8856
8855
8854
8854
8852
8852
8848
8848
8846
8846
8845
8845
8844
8844
8844
8844
8841
8839
8838
8838
8837
8836
8833
8832
8832
8831
8829
8829
8828
8828
8827
8826
8825
8824
8823
8823
8822
8821
8820
8820
8819
8818
8818
8817
8816
8816
8816
8816
8814
8813
8810
8809
8808
8808
8808
8807
8807
8807
8805
8802
8801
8800
8800
8800
8800
8799
8799
8799
8797
8796
8796
8796
8795
8793
8793
8792
8792
8790
8787
8786
8785
8785
8782
8782
8780
8780
8780
8778
8778
8777
8777
8776
8775
8772
8772
8772
8769
8769
8765
8764
8763
8762
8759
8759
8758
8757
8756
8755
8755
8755
8754
8754
8754
8752
8751
8750
8750
8745
8744
8743
8741
8737
8735
8735
8733
8731
8731
8730
8730
8728
8727
8725
8724
8723
8722
8721
8718
8717
8717
8714
8713
8713
8710
8710
8709
8708
8707
8706
8705
8703
8701
8701
8700
8699
8697
8697
8696
8695
8693
8693
8693
8692
8689
8688
8686
8686
8686
8686
8685
8684
8684
8683
8683
8683
8683
8682
8681
8679
8679
8679
8675
8674
8674
8674
8674
8672
8672
8670
8670
8668
8664
8661
8659
8658
8656
8652
8652
8651
8650
8649
8648
8647
8647
8645
8644
8641
8640
8639
8639
8638
8638
8635
8634
8634
8633
8633
8632
8629
8627
8627
8626
8625
8624
8624
8622
8621
8620
8620
8620
8619
8618
8616
8615
8614
8614
8613
8612
8612
8611
8611
8610
8609
8609
8609
8608
8607
8606
8606
8606
8604
8602
8602
8597
8594
8594
8590
8589
8589
8589
8588
8587
8586
8586
8585
8584
8583
8582
8581
8581
8580
8579
8579
8578
8578
8577
8576
8574
8573
8573
8572
8571
8571
8569
8568
8566
8563
8562
8562
8561
8561
8560
8555
8552
8551
8551
8548
8546
8546
8545
8544
8542
8540
8540
8538
8537
8537
8536
8535
8534
8533
8533
8528
8525
8522
8522
8521
8521
8520
8518
8518
8518
8517
8514
8513
8512
8512
8511
8511
8510
8510
8510
8508
8506
8505
8504
8503
8503
8502
8502
8501
8501
8501
8501
8500
8499
8499
8498
8497
8492
8491
8491
8490
8489
8487
8487
8486
8486
8485
8485
8483
8479
8479
8479
8475
8475
8473
8473
8472
8470
8470
8466
8466
8466
8466
8465
8464
8463
8463
8463
8462
8460
8460
8460
8458
8458
8456
8456
8453
8453
8452
8451
8451
8451
8451
8451
8450
8450
8450
8449
8449
8447
8444
8442
8442
8441
8440
8440
8440
8440
8439
8439
8438
8437
8437
8436
8435
8434
8434
8434
8432
8432
8430
8428
8427
8427
8427
8425
8425
8424
8424
8424
8422
8422
8421
8419
8418
8418
8417
8414
8411
8411
8409
8409
8408
8407
8407
8406
8404
8403
8402
8400
8400
8400
8398
8396
8395
8395
8394
8394
8393
8393
8392
8391
8391
8390
8390
8386
8385
8385
8384
8383
8383
8382
8382
8382
8380
8379
8378
8376
8376
8374
8373
8373
8373
8372
8372
8371
8365
8364
8364
8364
8363
8363
8363
8362
8361
8360
8357
8356
8355
8355
8355
8355
8353
8352
8350
8349
8348
8348
8348
8347
8347
8346
8343
8341
8339
8338
8337
8335
8335
8333
8332
8332
8332
8330
8326
8326
8325
8324
8323
8322
8322
8322
8321
8321
8321
8320
8320
8320
8319
8319
8319
8318
8317
8313
8312
8311
8309
8309
8306
8305
8305
8304
8298
8296
8294
8291
8291
8290
8290
8288
8288
8288
8288
8285
8282
8280
8280
8278
8278
8277
8276
8273
8272
8272
8268
8267
8267
8266
8265
8265
8265
8264
8264
8264
8262
8262
8262
8259
8258
8255
8255
8254
8252
8251
8251
8249
8249
8248
8248
8246
8246
8245
8244
8242
8241
8241
8238
8236
8236
8234
8233
8232
8232
8232
8231
8230
8229
8229
8229
8227
8227
8227
8226
8225
8225
8225
8224
8224
8223
8222
8222
8221
8221
8220
8220
8219
8218
8217
8216
8215
8215
8214
8212
8212
8210
8209
8209
8207
8206
8205
8204
8203
8203
8200
8198
8197
8196
8195
8194
8194
8194
8194
8191
8190
8188
8184
8184
8183
8182
8178
8178
8178
8176
8174
8174
8173
8172
8171
8171
8170
8170
8168
8165
8165
8163
8162
8160
8159
8159
8158
8158
8157
8153
8153
8151
8150
8149
8148
8146
8146
8145
8144
8142
8142
8140
8140
8140
8138
8137
8135
8135
8134
8133
8132
8131
8131
8130
8130
8130
8128
8128
8128
8128
8125
8124
8123
8123
8122
8121
8121
8120
8119
8117
8115
8115
8113
8112
8112
8112
8110
8108
8108
8106
8106
8106
8105
8105
8104
8103
8102
8101
8101
8100
8100
8099
8098
8097
8094
8090
8089
8087
8086
8085
8085
8083
8082
8082
8081
8081
8081
8081
8080
8078
8077
8077
8075
8074
8073
8073
8070
8070
8068
8065
8064
8062
8061
8060
8060
8060
8060
8058
8058
8057
8056
8052
8051
8051
8050
8050
8050
8048
8048
8048
8047
8047
8046
8046
8046
8046
8045
8040
8040
8038
8038
8038
8038
8037
8036
8036
8036
8033
8033
8032
8032
8031
8031
8030
8030
8028
8028
8027
8025
8020
8019
8017
8016
8015
8015
8013
8012
8012
8011
8011
8010
8008
8007
8007
8007
8007
8007
8006
8006
8006
8006
8003
8002
8002
8001
8001
7998
7998
7997
7996
7995
7995
7995
7995
7994
7994
7989
7988
7987
7987
7987
7982
7979
7978
7977
7977
7977
7976
7976
7974
7974
7974
7974
7973
7973
7971
7969
7969
7968
7968
7966
7966
7966
7964
7963
7962
7961
7960
7960
7960
7960
7959
7958
7954
7954
7954
7953
7953
7952
7951
7951
7949
7948
7947
7946
7946
7945
7943
7941
7939
7936
7932
7932
7929
7928
7926
7926
7925
7924
7924
7924
7923
7923
7923
7920
7920
7919
7919
7919
7918
7916
7915
7913
7912
7911
7909
7909
7909
7907
7904
7904
7904
7903
7901
7901
7901
7900
7899
7899
7898
7894
7893
7892
7891
7891
7889
7889
7889
7888
7887
7887
7887
7885
7884
7883
7882
7882
7882
7880
7880
7879
7879
7878
7877
7876
7875
7872
7872
7872
7871
7870
7869
7869
7865
7865
7865
7865
7865
7860
7860
7860
7860
7857
7856
7856
7855
7854
7854
7852
7851
7850
7847
7847
7846
7845
7844
7843
7842
7841
7841
7840
7839
7839
7838
7836
7835
7830
7829
7829
7828
7828
7828
7826
7824
7824
7823
7820
7818
7818
7817
7817
7816
7812
7812
7812
7809
7809
7809
7808
7807
7807
7807
7807
7806
7805
7804
7802
7802
7801
7799
7794
7794
7793
7793
7793
7791
7790
7789
7787
7786
7786
7785
7782
7782
7780
7780
7779
7779
7778
7778
7777
7777
7776
7774
7773
7771
7771
7770
7767
7766
7765
7763
7762
7761
7760
7760
7760
7755
7755
7750
7749
7749
7748
7747
7745
7745
7745
7745
7744
7743
7742
7742
7742
7740
7738
7738
7737
7737
7737
7736
7736
7734
7734
7734
7732
7730
7729
7728
7725
7724
7724
7723
7722
7722
7721
7719
7719
7713
7713
7710
7710
7710
7709
7709
7709
7707
7706
7705
7705
7704
7704
7702
7701
7699
7699
7698
7698
7698
7696
7696
7695
7694
7694
7693
7693
7691
7689
7687
7686
7684
7684
7684
7684
7682
7680
7680
7679
7678
7678
7678
7675
7674
7673
7673
7669
7669
7669
7668
7667
7664
7663
7663
7662
7658
7658
7658
7658
7656
7652
7651
7650
7649
7647
7647
7646
7646
7645
7644
7644
7642
7642
7640
7640
7639
7639
7638
7637
7635
7634
7633
7633
7632
7632
7631
7631
7628
7627
7626
7621
7621
7614
7613
7613
7612
7610
7610
7609
7609
7609
7606
7603
7603
7603
7601
7601
7600
7599
7598
7598
7598
7598
7597
7597
7596
7595
7594
7594
7593
7592
7591
7590
7589
7589
7588
7584
7581
7579
7578
7577
7575
7575
7569
7567
7566
7566
7564
7564
7563
7563
7560
7559
7558
7555
7554
7554
7554
7553
7553
7552
7551
7551
7549
7549
7547
7546
7546
7546
7545
7543
7542
7541
7541
7540
7539
7536
7535
7535
7535
7533
7532
7532
7528
7525
7525
7524
7522
7522
7521
7520
7520
7519
7518
7518
7516
7515
7515
7514
7512
7512
7510
7510
7510
7509
7509
7509
7507
7507
7507
7506
7506
7505
7505
7504
7503
7502
7501
7501
7500
7500
7500
7499
7498
7498
7497
7496
7495
7492
7492
7491
7490
7489
7489
7488
7488
7487
7487
7486
7486
7485
7484
7483
7481
7480
7479
7476
7475
7475
7475
7475
7475
7474
7474
7474
7473
7472
7471
7468
7468
7467
7465
7465
7463
7462
7459
7459
7458
7458
7457
7457
7455
7454
7453
7453
7453
7451
7450
7447
7446
7445
7444
7441
7440
7440
7438
7438
7438
7437
7436
7433
7431
7430
7430
7429
7429
7428
7427
7426
7426
7425
7424
7424
7423
7423
7421
7421
7421
7419
7419
7418
7417
7417
7415
7415
7413
7413
7412
7412
7411
7411
7409
7408
7407
7406
7405
7405
7403
7402
7399
7395
7393
7390
7388
7387
7386
7384
7384
7382
7380
7379
7379
7379
7378
7377
7376
7375
7373
7371
7371
7369
7368
7367
7366
7365
7364
7364
7364
7364
7364
7363
7363
7362
7360
7359
7359
7358
7358
7358
7358
7356
7355
7355
7352
7352
7352
7352
7351
7350
7347
7347
7346
7345
7344
7344
7344
7342
7342
7342
7339
7339
7339
7338
7337
7337
7336
7334
7334
7332
7331
7330
7329
7327
7325
7325
7324
7324
7323
7321
7321
7319
7319
7319
7319
7318
7318
7317
7317
7315
7315
7314
7313
7313
7310
7308
7308
7308
7308
7308
7308
7308
7308
7307
7307
7307
7306
7306
7306
7304
7303
7303
7302
7302
7302
7299
7297
7296
7294
7294
7293
7291
7290
7290
7287
7285
7284
7283
7283
7283
7280
7280
7279
7278
7278
7277
7272
7271
7270
7270
7269
7267
7265
7265
7265
7264
7262
7262
7259
7257
7252
7252
7251
7251
7250
7248
7248
7246
7246
7246
7246
7245
7243
7241
7240
7240
7239
7238
7237
7236
7235
7235
7234
7234
7233
7233
7233
7231
7230
7230
7229
7228
7227
7226
7226
7226
7225
7225
7224
7223
7223
7223
7222
7221
7220
7220
7218
7216
7216
7213
7212
7210
7210
7210
7209
7208
7206
7206
7205
7205
7204
7204
7204
7203
7203
7201
7199
7198
7197
7196
7195
7195
7195
7195
7194
7193
7192
7192
7190
7189
7189
7188
7185
7184
7184
7182
7182
7181
7181
7179
7178
7177
7176
7174
7174
7172
7171
7171
7166
7165
7165
7165
7163
7162
7162
7161
7161
7160
7159
7158
7155
7155
7154
7154
7153
7151
7149
7148
7146
7146
7145
7145
7142
7141
7140
7138
7138
7137
7136
7133
7133
7133
7132
7131
7130
7130
7129
7128
7128
7127
7127
7126
7126
7126
7124
7124
7124
7123
7122
7120
7120
7119
7119
7118
7118
7118
7117
7117
7114
7114
7114
7113
7112
7111
7110
7110
7105
7104
7102
7095
7095
7095
7093
7093
7092
7092
7091
7090
7089
7089
7088
7087
7087
7086
7085
7085
7084
7082
7081
7081
7079
7079
7078
7078
7078
7076
7076
7069
7068
7068
7067
7067
7064
7063
7063
7060
7059
7059
7057
7056
7055
7055
7054
7054
7053
7051
7050
7049
7048
7048
7047
7047
7046
7042
7042
7040
7040
7038
7037
7037
7035
7035
7034
7033
7032
7032
7029
7028
7027
7026
7025
7023
7022
7021
7021
7019
7016
7016
7015
7015
7014
7011
7011
7009
7009
7008
7008
7007
7005
7005
7004
7003
7003
7001
7001
7001
7000
7000
6997
6997
6995
6994
6991
6989
6988
6987
6986
6985
6984
6984
6983
6983
6982
6981
6981
6980
6980
6980
6979
6976
6976
6976
6972
6972
6970
6969
6968
6968
6967
6967
6965
6964
6964
6963
6962
6960
6960
6959
6958
6957
6956
6956
6955
6955
6954
6953
6953
6953
6952
6952
6952
6951
6948
6945
6945
6944
6942
6941
6941
6940
6939
6938
6937
6937
6937
6936
6936
6936
6934
6933
6932
6931
6931
6930
6928
6926
6926
6925
6924
6922
6919
6919
6916
6915
6913
6913
6910
6910
6909
6906
6906
6904
6903
6903
6901
6900
6894
6893
6890
6890
6888
6888
6887
6887
6887
6886
6884
6884
6884
6882
6882
6881
6881
6880
6880
6879
6878
6877
6877
6877
6877
6875
6874
6873
6871
6871
6871
6869
6869
6869
6868
6866
6866
6865
6863
6862
6862
6861
6861
6860
6860
6860
6856
6856
6855
6854
6854
6849
6847
6846
6846
6846
6845
6844
6843
6841
6839
6838
6838
6837
6836
6833
6833
6831
6831
6830
6829
6829
6827
6827
6826
6826
6825
6825
6822
6820
6820
6818
6817
6815
6814
6814
6812
6810
6807
6807
6807
6807
6806
6803
6803
6803
6802
6802
6801
6801
6801
6800
6799
6798
6795
6794
6794
6794
6793
6792
6791
6789
6789
6788
6787
6785
6783
6776
6776
6776
6774
6773
6773
6773
6770
6769
6767
6766
6765
6763
6763
6762
6760
6758
6755
6754
6753
6753
6753
6750
6750
6750
6750
6750
6748
6748
6744
6744
6743
6742
6740
6735
6732
6731
6731
6729
6729
6729
6728
6727
6727
6727
6726
6725
6725
6724
6723
6723
6723
6723
6721
6721
6719
6719
6719
6719
6718
6716
6712
6709
6708
6707
6705
6703
6703
6703
6703
6701
6698
6698
6693
6692
6691
6691
6690
6690
6689
6689
6684
6683
6682
6682
6680
6680
6680
6680
6679
6679
6678
6676
6676
6676
6675
6675
6675
6671
6667
6667
6667
6666
6664
6664
6663
6660
6660
6659
6656
6656
6655
6654
6654
6653
6652
6651
6649
6648
6647
6646
6646
6646
6646
6645
6645
6644
6643
6643
6642
6641
6640
6639
6639
6639
6638
6635
6633
6633
6632
6630
6629
6627
6626
6622
6620
6619
6618
6616
6616
6615
6613
6613
6612
6612
6610
6609
6607
6607
6605
6605
6604
6603
6601
6600
6598
6598
6598
6597
6595
6594
6594
6594
6592
6592
6592
6590
6590
6588
6588
6588
6587
6587
6584
6583
6583
6582
6582
6581
6581
6579
6578
6578
6577
6576
6576
6575
6573
6573
6570
6570
6567
6566
6566
6565
6565
6565
6564
6563
6563
6562
6562
6562
6561
6560
6559
6557
6553
6553
6553
6551
6550
6549
6548
6548
6546
6544
6540
6537
6536
6535
6534
6533
6533
6532
6532
6532
6530
6528
6527
6524
6520
6517
6516
6514
6514
6514
6514
6513
6512
6512
6511
6510
6510
6510
6509
6508
6507
6507
6506
6505
6505
6505
6505
6504
6503
6503
6502
6501
6500
6499
6499
6499
6499
6499
6497
6497
6496
6496
6494
6493
6493
6493
6492
6492
6490
6489
6488
6488
6487
6487
6486
6484
6484
6484
6484
6482
6480
6479
6479
6478
6477
6475
6474
6473
6473
6473
6472
6470
6469
6468
6467
6466
6462
6462
6461
6461
6460
6459
6459
6459
6458
6456
6456
6456
6456
6455
6455
6455
6450
6448
6448
6443
6443
6442
6441
6440
6439
6439
6438
6436
6433
6433
6432
6428
6428
6426
6424
6423
6422
6422
6420
6419
6416
6416
6415
6415
6415
6413
6412
6410
6407
6407
6407
6402
6401
6400
6400
6399
6397
6396
6395
6394
6392
6390
6390
6389
6387
6386
6385
6385
6384
6384
6382
6381
6377
6371
6370
6369
6368
6368
6368
6364
6363
6363
6363
6360
6360
6360
6359
6359
6359
6359
6358
6357
6355
6354
6354
6353
6352
6352
6350
6347
6346
6344
6343
6343
6342
6341
6339
6338
6337
6337
6335
6334
6333
6329
6328
6327
6326
6325
6325
6324
6322
6321
6318
6317
6317
6316
6315
6315
6315
6313
6313
6313
6309
6308
6307
6307
6307
6306
6305
6304
6304
6301
6301
6300
6298
6297
6296
6295
6293
6292
6292
6291
6290
6289
6287
6287
6287
6286
6286
6284
6281
6281
6281
6279
6278
6278
6277
6276
6276
6275
6275
6275
6272
6272
6271
6270
6269
6268
6267
6267
6267
6266
6264
6263
6261
6260
6260
6259
6257
6251
6251
6250
6247
6247
6247
6245
6245
6244
6241
6240
6240
6240
6238
6238
6237
6235
6235
6234
6233
6231
6231
6230
6229
6229
6228
6228
6225
6225
6223
6222
6221
6220
6219
6219
6218
6215
6215
6213
6210
6210
6207
6206
6206
6205
6203
6202
6201
6200
6200
6197
6197
6195
6195
6194
6194
6193
6192
6192
6191
6191
6189
6188
6188
6188
6186
6186
6186
6185
6184
6183
6183
6183
6182
6182
6178
6177
6175
6172
6170
6170
6164
6164
6163
6162
6161
6160
6159
6159
6159
6157
6157
6153
6153
6152
6151
6150
6150
6149
6146
6145
6145
6145
6140
6139
6139
6137
6136
6134
6133
6132
6130
6129
6127
6126
6124
6122
6122
6121
6120
6119
6118
6118
6117
6117
6115
6112
6111
6111
6109
6108
6105
6104
6103
6102
6102
6102
6100
6098
6096
6093
6092
6091
6091
6090
6089
6088
6088
6086
6086
6085
6085
6084
6083
6083
6083
6082
6082
6078
6076
6075
6075
6075
6074
6074
6074
6071
6070
6070
6069
6067
6067
6066
6064
6062
6062
6060
6060
6059
6058
6058
6058
6057
6056
6056
6056
6054
6051
6050
6048
6046
6046
6043
6043
6042
6041
6041
6038
6038
6036
6036
6033
6033
6032
6032
6032
6029
6028
6027
6027
6026
6025
6023
6022
6022
6021
6021
6020
6020
6019
6018
6018
6018
6018
6014
6014
6014
6012
6012
6012
6011
6011
6010
6010
6008
6008
6007
6004
6002
6002
5999
5999
5998
5996
5996
5995
5993
5993
5993
5990
5990
5990
5989
5988
5985
5982
5982
5979
5979
5979
5978
5977
5976
5976
5975
5973
5971
5971
5970
5970
5970
5967
5967
5967
5967
5967
5966
5966
5966
5966
5965
5965
5964
5963
5962
5962
5961
5960
5959
5959
5958
5957
5957
5954
5954
5953
5949
5949
5949
5948
5947
5943
5941
5940
5939
5937
5937
5936
5936
5935
5933
5931
5930
5930
5930
5929
5929
5929
5928
5928
5926
5923
5922
5922
5921
5920
5920
5919
5919
5917
5916
5915
5914
5913
5911
5910
5910
5908
5907
5907
5906
5904
5904
5902
5902
5902
5900
5899
5897
5896
5896
5896
5895
5894
5893
5891
5891
5891
5890
5889
5888
5886
5885
5885
5885
5884
5884
5882
5881
5881
5878
5878
5877
5876
5875
5875
5871
5870
5867
5867
5865
5865
5863
5863
5859
5859
5858
5856
5855
5854
5854
5852
5851
5850
5849
5849
5848
5847
5847
5847
5846
5842
5841
5841
5841
5839
5839
5838
5837
5834
5833
5832
5832
5831
5829
5829
5828
5828
5827
5825
5825
5823
5822
5822
5821
5821
5818
5817
5814
5812
5811
5811
5810
5804
5803
5803
5803
5801
5801
5801
5800
5799
5798
5798
5797
5797
5796
5796
5795
5794
5794
5793
5792
5791
5790
5789
5789
5788
5788
5788
5787
5787
5787
5785
5785
5784
5783
5783
5782
5782
5781
5781
5778
5772
5772
5771
5771
5769
5769
5768
5767
5767
5766
5766
5765
5764
5763
5761
5761
5758
5756
5755
5754
5754
5753
5753
5752
5751
5751
5748
5748
5747
5740
5740
5737
5737
5735
5733
5732
5731
5730
5729
5727
5727
5727
5727
5725
5724
5722
5721
5719
5718
5713
5713
5711
5711
5709
5709
5707
5706
5704
5702
5702
5702
5702
5701
5700
5699
5698
5698
5696
5696
5695
5694
5694
5694
5693
5692
5691
5689
5687
5687
5686
5685
5685
5685
5681
5680
5679
5678
5674
5674
5674
5674
5673
5673
5673
5672
5670
5670
5669
5669
5668
5667
5665
5664
5659
5659
5658
5657
5656
5655
5655
5653
5653
5653
5652
5652
5651
5646
5644
5644
5644
5644
5641
5637
5635
5634
5633
5633
5632
5632
5631
5631
5627
5625
5624
5623
5621
5620
5620
5619
5618
5617
5617
5615
5615
5614
5609
5607
5606
5606
5604
5604
5603
5602
5602
5601
5600
5599
5599
5599
5598
5598
5597
5597
5597
5596
5596
5594
5593
5593
5592
5591
5591
5590
5590
5585
5584
5584
5583
5582
5580
5580
5579
5579
5578
5577
5576
5576
5575
5574
5573
5573
5573
5572
5572
5570
5570
5570
5570
5568
5567
5567
5567
5566
5566
5565
5565
5564
5564
5563
5563
5562
5562
5559
5559
5555
5554
5554
5552
5551
5550
5550
5546
5543
5543
5543
5542
5542
5538
5536
5535
5535
5535
5534
5534
5532
5532
5531
5531
5530
5530
5528
5526
5526
5525
5523
5523
5522
5521
5519
5516
5514
5513
5512
5512
5511
5511
5510
5510
5508
5507
5505
5504
5504
5503
5501
5500
5500
5500
5499
5499
5496
5489
5489
5489
5488
5488
5488
5487
5487
5486
5486
5485
5484
5484
5484
5484
5482
5481
5480
5479
5478
5478
5477
5477
5476
5476
5473
5472
5470
5470
5470
5470
5469
5469
5467
5463
5462
5462
5462
5460
5460
5459
5459
5458
5456
5456
5454
5453
5451
5450
5449
5448
5447
5446
5446
5446
5445
5444
5443
5442
5440
5439
5438
5437
5435
5435
5435
5432
5432
5430
5429
5429
5429
5428
5427
5426
5424
5423
5423
5422
5420
5420
5420
5420
5419
5418
5417
5416
5414
5414
5414
5412
5411
5410
5408
5406
5406
5405
5405
5405
5403
5403
5403
5402
5402
5401
5401
5401
5400
5400
5399
5398
5396
5395
5395
5395
5394
5392
5391
5391
5390
5387
5386
5386
5385
5385
5383
5381
5380
5379
5378
5378
5377
5374
5374
5372
5371
5368
5366
5366
5365
5365
5364
5362
5361
5358
5358
5357
5357
5357
5355
5355
5354
5353
5353
5353
5352
5352
5350
5350
5349
5348
5347
5345
5345
5344
5344
5343
5342
5341
5340
5340
5339
5337
5336
5335
5333
5332
5332
5331
5331
5331
5331
5330
5329
5329
5326
5326
5326
5325
5325
5324
5322
5322
5320
5320
5320
5317
5316
5313
5313
5313
5312
5311
5310
5310
5306
5303
5303
5300
5298
5297
5296
5296
5295
5294
5293
5292
5290
5290
5289
5289
5288
5287
5287
5282
5280
5279
5279
5278
5278
5277
5274
5273
5272
5271
5270
5270
5269
5269
5265
5264
5262
5261
5261
5258
5258
5258
5256
5256
5256
5252
5252
5252
5252
5250
5248
5248
5247
5244
5242
5241
5241
5240
5239
5239
5238
5236
5236
5235
5235
5234
5232
5229
5229
5228
5227
5227
5227
5225
5225
5225
5223
5222
5221
5221
5221
5220
5220
5219
5219
5217
5216
5214
5213
5213
5211
5210
5210
5210
5209
5207
5207
5203
5203
5202
5201
5200
5200
5198
5198
5197
5197
5196
5195
5194
5192
5191
5191
5191
5190
5187
5187
5187
5187
5187
5186
5186
5185
5184
5183
5183
5182
5182
5181
5179
5177
5173
5172
5172
5170
5169
5168
5167
5166
5164
5164
5163
5163
5162
5159
5159
5158
5157
5153
5153
5153
5153
5151
5151
5150
5149
5149
5148
5146
5145
5144
5143
5138
5137
5137
5135
5134
5133
5133
5132
5131
5131
5130
5130
5129
5128
5124
5123
5123
5122
5121
5121
5121
5121
5119
5118
5116
5116
5113
5111
5109
5109
5109
5106
5106
5105
5105
5105
5103
5102
5102
5101
5100
5099
5099
5097
5097
5096
5095
5093
5092
5092
5092
5092
5090
5088
5088
5087
5087
5087
5086
5086
5086
5086
5082
5079
5077
5076
5076
5075
5075
5075
5074
5074
5073
5073
5072
5070
5069
5068
5067
5066
5066
5065
5065
5065
5064
5061
5060
5060
5057
5057
5056
5053
5053
5052
5051
5051
5051
5050
5049
5047
5047
5046
5046
5046
5045
5039
5039
5037
5037
5037
5036
5033
5032
5031
5031
5030
5028
5027
5026
5026
5025
5025
5022
5022
5022
5020
5020
5019
5018
5017
5016
5015
5014
5014
5014
5014
5014
5013
5012
5010
5010
5010
5009
5009
5008
5008
5008
5007
5006
5005
5005
5004
5003
5002
5002
5001
5000
5000
5000
5000
4998
4998
4996
4995
4994
4994
4992
4989
4987
4987
4985
4985
4984
4984
4984
4984
4984
4983
4981
4981
4980
4979
4978
4977
4976
4976
4975
4975
4973
4972
4972
4971
4971
4971
4969
4969
4964
4964
4962
4961
4956
4955
4953
4953
4951
4951
4950
4946
4945
4942
4941
4940
4939
4939
4938
4937
4937
4937
4935
4935
4935
4934
4932
4932
4931
4931
4927
4926
4925
4924
4924
4923
4922
4921
4921
4920
4918
4917
4917
4916
4915
4915
4915
4912
4912
4912
4911
4911
4910
4909
4907
4907
4907
4906
4904
4904
4902
4901
4900
4898
4898
4897
4895
4893
4891
4888
4888
4884
4884
4884
4881
4879
4878
4876
4876
4876
4873
4873
4870
4870
4870
4870
4870
4869
4869
4869
4868
4867
4865
4865
4865
4864
4864
4863
4860
4858
4858
4857
4855
4855
4854
4852
4851
4851
4849
4848
4848
4843
4841
4840
4835
4830
4828
4828
4826
4826
4826
4826
4824
4824
4824
4823
4822
4819
4816
4815
4815
4815
4814
4812
4811
4811
4810
4809
4808
4807
4807
4807
4805
4805
4804
4804
4804
4801
4801
4794
4794
4793
4793
4792
4792
4791
4790
4789
4789
4789
4788
4787
4786
4786
4786
4785
4785
4784
4784
4782
4781
4781
4780
4780
4779
4779
4779
4778
4778
4777
4774
4773
4773
4772
4770
4769
4768
4768
4768
4767
4765
4765
4763
4761
4761
4761
4760
4759
4753
4753
4752
4751
4751
4751
4751
4750
4750
4750
4750
4749
4748
4747
4746
4744
4743
4743
4742
4741
4739
4736
4734
4733
4733
4732
4731
4730
4729
4729
4726
4724
4724
4724
4720
4719
4716
4716
4716
4715
4715
4715
4712
4711
4710
4710
4710
4707
4705
4705
4705
4705
4704
4703
4702
4702
4702
4697
4697
4695
4691
4691
4691
4689
4687
4686
4683
4682
4682
4677
4676
4676
4676
4676
4674
4672
4672
4671
4671
4671
4670
4670
4669
4668
4668
4668
4668
4666
4666
4665
4665
4664
4664
4664
4663
4663
4663
4661
4661
4661
4660
4660
4658
4658
4657
4657
4656
4654
4652
4652
4652
4646
4646
4646
4645
4645
4644
4644
4643
4642
4641
4641
4640
4636
4636
4636
4634
4633
4633
4632
4631
4630
4628
4627
4625
4625
4625
4624
4624
4623
4621
4621
4620
4620
4618
4617
4616
4616
4616
4615
4614
4614
4613
4611
4611
4610
4610
4609
4609
4608
4608
4607
4606
4604
4601
4601
4595
4595
4591
4589
4589
4589
4587
4586
4583
4582
4582
4579
4578
4576
4575
4575
4574
4574
4574
4573
4573
4572
4570
4570
4569
4569
4569
4567
4567
4566
4566
4565
4563
4562
4562
4562
4559
4559
4559
4559
4557
4557
4557
4557
4556
4555
4551
4550
4546
4546
4543
4542
4542
4540
4538
4537
4536
4534
4533
4532
4531
4531
4530
4530
4529
4529
4528
4526
4525
4525
4524
4523
4521
4520
4519
4519
4519
4517
4514
4514
4514
4514
4512
4511
4511
4508
4508
4508
4507
4507
4506
4505
4504
4502
4501
4500
4500
4498
4497
4496
4493
4491
4490
4489
4489
4489
4486
4484
4482
4481
4480
4476
4474
4474
4470
4468
4463
4462
4462
4461
4456
4453
4450
4449
4448
4447
4446
4444
4444
4443
4440
4439
4437
4437
4437
4435
4435
4434
4434
4434
4433
4432
4432
4431
4431
4429
4427
4426
4426
4426
4425
4424
4423
4422
4420
4420
4419
4417
4416
4415
4414
4413
4412
4412
4411
4404
4403
4402
4401
4401
4401
4400
4399
4399
4398
4396
4396
4395
4395
4395
4395
4395
4395
4394
4394
4392
4391
4390
4387
4384
4384
4383
4381
4380
4379
4378
4377
4377
4377
4377
4375
4375
4375
4375
4373
4372
4372
4372
4372
4371
4370
4368
4368
4367
4367
4366
4364
4364
4363
4362
4361
4361
4359
4359
4359
4358
4357
4356
4352
4352
4350
4350
4350
4350
4349
4349
4349
4346
4345
4345
4344
4343
4341
4340
4339
4337
4336
4333
4333
4332
4332
4331
4331
4330
4330
4329
4329
4329
4327
4326
4324
4319
4319
4318
4317
4317
4317
4316
4315
4315
4314
4312
4311
4311
4311
4310
4309
4308
4307
4305
4305
4303
4303
4303
4301
4300
4300
4300
4299
4299
4299
4299
4296
4295
4295
4294
4292
4290
4289
4288
4288
4286
4285
4283
4283
4282
4279
4278
4278
4276
4275
4274
4273
4273
4272
4272
4271
4271
4271
4270
4269
4267
4267
4266
4264
4264
4263
4262
4259
4257
4256
4255
4254
4254
4253
4252
4252
4252
4252
4249
4249
4248
4248
4247
4246
4246
4246
4245
4245
4244
4244
4241
4239
4238
4236
4234
4234
4232
4232
4229
4229
4227
4225
4224
4224
4223
4223
4223
4222
4222
4221
4220
4220
4220
4218
4217
4215
4211
4209
4209
4209
4208
4208
4208
4207
4207
4207
4207
4204
4204
4203
4203
4200
4200
4199
4199
4197
4196
4195
4194
4193
4193
4191
4191
4190
4189
4189
4189
4188
4187
4187
4185
4184
4184
4183
4181
4181
4180
4179
4179
4177
4176
4176
4176
4175
4174
4172
4171
4168
4168
4168
4167
4167
4164
4163
4162
4162
4161
4160
4159
4158
4154
4154
4153
4153
4152
4151
4151
4150
4149
4149
4146
4145
4145
4144
4138
4138
4137
4136
4136
4133
4132
4132
4132
4132
4130
4129
4120
4119
4116
4114
4114
4113
4112
4111
4109
4108
4107
4107
4107
4106
4105
4103
4100
4098
4098
4096
4094
4093
4092
4092
4091
4090
4090
4089
4088
4088
4087
4087
4085
4085
4085
4083
4083
4080
4079
4079
4077
4074
4072
4072
4071
4071
4067
4066
4063
4058
4056
4056
4055
4053
4051
4051
4051
4050
4050
4049
4048
4045
4042
4042
4042
4041
4040
4039
4039
4039
4035
4035
4034
4033
4032
4025
4024
4023
4018
4018
4017
4016
4015
4012
4010
4008
4008
4007
4007
4007
4006
4006
4006
4005
4002
4001
3998
3998
3997
3995
3992
3991
3991
3990
3989
3989
3986
3985
3985
3985
3984
3984
3983
3982
3980
3980
3979
3979
3978
3976
3976
3975
3969
3968
3968
3968
3967
3966
3965
3965
3964
3964
3961
3957
3957
3952
3952
3951
3951
3948
3943
3943
3942
3942
3941
3941
3941
3939
3937
3937
3937
3937
3936
3936
3935
3935
3935
3933
3932
3931
3931
3931
3931
3931
3931
3930
3930
3929
3928
3927
3927
3927
3926
3923
3923
3920
3919
3918
3917
3917
3912
3911
3910
3910
3910
3909
3908
3908
3908
3906
3905
3902
3900
3900
3898
3897
3897
3897
3895
3894
3894
3892
3891
3891
3891
3890
3890
3889
3889
3886
3886
3885
3883
3882
3882
3881
3881
3881
3879
3877
3876
3873
3873
3872
3871
3871
3871
3870
3870
3870
3869
3869
3867
3867
3866
3866
3865
3865
3864
3864
3863
3863
3861
3861
3861
3861
3860
3859
3858
3857
3856
3856
3856
3856
3851
3851
3850
3850
3849
3848
3844
3843
3841
3841
3841
3841
3840
3839
3839
3839
3838
3838
3837
3834
3834
3833
3833
3827
3824
3823
3822
3818
3818
3817
3816
3816
3814
3813
3812
3811
3811
3808
3808
3807
3807
3805
3803
3797
3797
3797
3796
3792
3791
3790
3789
3788
3788
3788
3787
3787
3786
3786
3784
3784
3783
3782
3781
3781
3779
3776
3776
3776
3775
3773
3770
3770
3770
3770
3768
3767
3764
3764
3762
3762
3762
3761
3761
3761
3760
3759
3758
3754
3754
3752
3752
3752
3752
3752
3750
3750
3747
3746
3746
3745
3744
3744
3744
3742
3742
3741
3741
3741
3741
3740
3739
3736
3735
3735
3734
3733
3732
3732
3732
3731
3730
3728
3728
3728
3727
3727
3724
3723
3722
3720
3719
3719
3716
3716
3715
3714
3710
3709
3708
3707
3707
3707
3707
3707
3703
3702
3701
3699
3698
3698
3695
3695
3693
3693
3693
3693
3692
3691
3691
3691
3690
3690
3689
3687
3687
3686
3686
3685
3685
3685
3683
3683
3682
3681
3680
3679
3678
3678
3677
3676
3675
3675
3672
3671
3671
3670
3668
3668
3666
3665
3664
3663
3662
3662
3661
3661
3660
3659
3658
3654
3653
3652
3651
3650
3650
3649
3648
3648
3645
3645
3645
3644
3644
3643
3641
3638
3638
3634
3633
3632
3631
3631
3626
3626
3625
3625
3625
3624
3624
3623
3623
3620
3620
3619
3616
3615
3614
3613
3613
3611
3608
3607
3607
3605
3604
3602
3600
3599
3597
3595
3595
3595
3594
3594
3594
3593
3593
3592
3591
3591
3591
3591
3590
3590
3586
3585
3583
3581
3581
3581
3580
3579
3578
3578
3577
3575
3573
3573
3572
3571
3570
3570
3570
3566
3565
3565
3564
3564
3563
3563
3562
3560
3559
3558
3558
3557
3557
3552
3552
3551
3549
3547
3547
3545
3544
3544
3543
3543
3541
3538
3538
3537
3537
3536
3536
3536
3533
3532
3530
3530
3530
3528
3527
3527
3526
3526
3525
3523
3523
3523
3523
3522
3522
3522
3522
3522
3519
3518
3515
3513
3513
3512
3511
3510
3505
3504
3503
3503
3501
3500
3499
3499
3498
3497
3496
3495
3493
3493
3491
3491
3491
3491
3488
3487
3487
3485
3483
3483
3482
3482
3482
3480
3479
3479
3479
3478
3478
3477
3476
3475
3475
3474
3473
3473
3472
3472
3471
3471
3470
3468
3466
3466
3465
3463
3463
3462
3460
3459
3457
3455
3455
3455
3455
3454
3454
3453
3453
3452
3451
3449
3448
3444
3444
3444
3442
3442
3442
3441
3440
3437
3433
3431
3430
3429
3428
3425
3424
3423
3420
3419
3418
3416
3416
3416
3415
3414
3413
3413
3412
3411
3411
3410
3410
3407
3406
3405
3403
3402
3401
3396
3395
3395
3395
3395
3393
3392
3390
3390
3389
3388
3388
3386
3385
3384
3383
3383
3380
3380
3379
3378
3373
3372
3372
3372
3372
3369
3368
3368
3368
3368
3367
3367
3367
3367
3363
3361
3361
3360
3358
3358
3358
3357
3356
3355
3353
3352
3350
3349
3349
3348
3348
3347
3347
3346
3345
3345
3345
3344
3343
3343
3342
3342
3341
3336
3334
3333
3332
3332
3331
3331
3330
3329
3328
3326
3324
3323
3322
3322
3321
3321
3321
3320
3318
3314
3313
3311
3310
3309
3309
3309
3308
3307
3306
3305
3303
3302
3300
3298
3298
3297
3296
3296
3293
3289
3289
3289
3288
3288
3286
3286
3286
3282
3281
3281
3281
3278
3278
3275
3275
3274
3273
3271
3271
3270
3270
3270
3270
3268
3266
3264
3264
3264
3262
3261
3261
3259
3258
3257
3256
3256
3251
3250
3245
3245
3241
3240
3234
3234
3232
3232
3230
3230
3230
3229
3228
3226
3225
3224
3223
3221
3220
3220
3220
3217
3217
3216
3216
3215
3214
3214
3214
3212
3212
3211
3211
3211
3209
3208
3208
3208
3207
3206
3202
3201
3198
3198
3196
3193
3193
3191
3191
3191
3188
3187
3187
3187
3186
3186
3185
3185
3184
3182
3182
3181
3179
3179
3174
3174
3173
3173
3173
3172
3171
3170
3169
3165
3165
3163
3163
3161
3160
3159
3159
3158
3158
3156
3155
3154
3154
3153
3151
3148
3148
3147
3147
3146
3143
3142
3139
3138
3137
3136
3135
3134
3134
3133
3133
3132
3132
3131
3131
3127
3124
3124
3122
3122
3122
3122
3121
3120
3120
3119
3118
3117
3117
3116
3115
3115
3114
3114
3113
3113
3113
3112
3111
3111
3110
3110
3109
3105
3104
3101
3101
3101
3099
3097
3096
3096
3094
3094
3094
3094
3092
3092
3089
3089
3089
3089
3088
3088
3086
3086
3086
3085
3085
3085
3084
3083
3083
3082
3080
3079
3077
3077
3077
3077
3076
3076
3076
3075
3073
3072
3072
3072
3069
3069
3069
3068
3067
3066
3066
3064
3064
3062
3061
3057
3056
3056
3056
3055
3055
3053
3051
3050
3047
3046
3045
3044
3044
3042
3039
3038
3037
3036
3033
3031
3030
3030
3029
3026
3025
3023
3022
3020
3019
3017
3016
3015
3013
3012
3012
3010
3009
3008
3007
3007
3007
3007
3006
3006
3005
3005
3000
3000
3000
2997
2996
2996
2991
2989
2988
2985
2985
2983
2982
2980
2980
2979
2979
2977
2976
2976
2972
2971
2971
2970
2970
2969
2969
2965
2963
2963
2962
2962
2961
2961
2960
2959
2959
2957
2956
2956
2955
2955
2952
2952
2951
2951
2951
2950
2949
2948
2947
2946
2945
2943
2942
2940
2939
2939
2937
2936
2935
2935
2934
2931
2929
2928
2927
2925
2922
2920
2920
2919
2917
2917
2916
2914
2914
2913
2912
2911
2910
2910
2908
2908
2907
2906
2905
2904
2903
2903
2902
2901
2900
2899
2898
2897
2897
2897
2895
2895
2895
2894
2891
2890
2887
2887
2885
2885
2884
2881
2880
2880
2879
2877
2877
2876
2874
2874
2873
2872
2869
2869
2869
2864
2864
2862
2861
2861
2860
2859
2857
2856
2856
2856
2855
2855
2854
2854
2853
2853
2850
2848
2847
2847
2846
2846
2845
2844
2841
2836
2835
2835
2834
2833
2831
2831
2828
2826
2826
2824
2822
2819
2818
2815
2815
2813
2812
2809
2807
2807
2803
2803
2803
2802
2802
2802
2802
2802
2801
2801
2799
2798
2796
2795
2795
2795
2795
2792
2792
2792
2792
2791
2790
2788
2788
2786
2786
2785
2783
2783
2782
2781
2779
2779
2779
2777
2775
2774
2768
2768
2767
2767
2765
2765
2764
2764
2763
2763
2763
2762
2762
2759
2758
2757
2756
2756
2756
2755
2753
2753
2753
2750
2750
2749
2749
2745
2744
2744
2743
2739
2739
2739
2738
2738
2737
2736
2736
2735
2734
2734
2733
2733
2728
2726
2725
2723
2720
2720
2719
2719
2718
2718
2718
2715
2714
2713
2712
2711
2711
2710
2709
2708
2708
2707
2707
2706
2706
2705
2705
2702
2699
2699
2698
2697
2696
2696
2695
2695
2694
2694
2692
2692
2692
2691
2690
2689
2688
2684
2684
2684
2684
2681
2678
2678
2676
2676
2674
2674
2673
2673
2673
2672
2672
2670
2669
2669
2669
2669
2667
2666
2666
2666
2666
2665
2665
2665
2664
2664
2663
2663
2663
2661
2657
2655
2653
2652
2651
2651
2650
2648
2647
2647
2645
2645
2645
2643
2642
2640
2640
2639
2639
2638
2638
2637
2634
2633
2633
2632
2632
2631
2631
2631
2630
2629
2628
2627
2626
2625
2625
2625
2624
2623
2622
2622
2622
2621
2621
2617
2616
2615
2615
2614
2613
2613
2612
2610
2610
2606
2606
2606
2603
2602
2602
2601
2601
2599
2599
2598
2597
2596
2596
2591
2591
2590
2589
2589
2588
2588
2587
2585
2585
2584
2584
2584
2582
2581
2581
2581
2578
2578
2577
2577
2576
2574
2574
2573
2572
2571
2570
2570
2568
2566
2566
2566
2563
2562
2561
2560
2559
2558
2557
2555
2555
2552
2549
2549
2547
2547
2546
2545
2544
2544
2544
2543
2542
2542
2541
2537
2537
2537
2537
2536
2536
2535
2533
2531
2530
2530
2529
2527
2523
2523
2522
2522
2522
2522
2521
2521
2518
2516
2516
2516
2515
2515
2514
2512
2511
2510
2510
2509
2508
2505
2500
2500
2500
2499
2499
2499
2498
2496
2495
2495
2494
2493
2492
2492
2491
2489
2489
2488
2485
2482
2482
2482
2479
2478
2478
2477
2477
2476
2476
2476
2476
2476
2475
2474
2474
2474
2473
2473
2472
2471
2471
2470
2469
2468
2468
2463
2463
2462
2461
2460
2460
2458
2457
2457
2456
2456
2455
2455
2454
2448
2447
2447
2447
2446
2446
2445
2445
2445
2443
2443
2443
2442
2441
2440
2440
2440
2438
2438
2438
2434
2433
2433
2432
2431
2430
2429
2429
2428
2428
2427
2427
2425
2424
2421
2420
2419
2419
2419
2418
2417
2416
2414
2412
2411
2411
2408
2408
2406
2405
2405
2405
2405
2404
2402
2400
2399
2395
2395
2394
2394
2393
2392
2392
2392
2390
2390
2390
2386
2385
2385
2383
2383
2382
2382
2381
2380
2380
2380
2378
2377
2377
2377
2377
2373
2371
2371
2371
2369
2368
2368
2367
2366
2366
2365
2364
2364
2363
2362
2362
2362
2361
2360
2356
2355
2354
2353
2352
2352
2351
2351
2350
2348
2348
2348
2347
2346
2346
2345
2344
2344
2343
2343
2341
2341
2339
2338
2335
2335
2335
2335
2333
2331
2331
2330
2330
2329
2328
2327
2325
2322
2322
2322
2320
2319
2319
2318
2317
2317
2316
2315
2313
2313
2312
2312
2311
2310
2310
2310
2310
2309
2309
2309
2309
2308
2306
2306
2306
2305
2304
2303
2303
2302
2302
2302
2300
2299
2298
2297
2296
2294
2294
2293
2293
2288
2287
2285
2283
2280
2275
2275
2272
2272
2271
2270
2268
2267
2265
2265
2264
2264
2264
2263
2262
2262
2262
2262
2261
2260
2260
2259
2258
2256
2254
2254
2254
2253
2252
2251
2251
2248
2248
2246
2246
2243
2243
2241
2240
2238
2235
2235
2234
2233
2233
2232
2232
2231
2231
2231
2229
2228
2228
2226
2224
2223
2222
2222
2222
2220
2219
2217
2216
2213
2213
2213
2212
2212
2211
2210
2210
2209
2208
2206
2205
2204
2204
2204
2202
2202
2201
2201
2199
2198
2198
2198
2197
2197
2197
2196
2194
2193
2191
2190
2189
2188
2188
2187
2187
2186
2183
2183
2182
2182
2182
2177
2177
2176
2176
2174
2174
2174
2174
2173
2170
2170
2170
2167
2166
2166
2166
2165
2165
2165
2164
2162
2162
2161
2160
2156
2153
2152
2151
2151
2150
2149
2149
2148
2146
2145
2145
2144
2143
2140
2139
2138
2137
2136
2135
2135
2134
2133
2133
2133
2131
2130
2129
2127
2126
2124
2123
2122
2122
2122
2122
2121
2121
2118
2116
2113
2109
2108
2108
2107
2105
2104
2103
2101
2101
2100
2100
2098
2096
2095
2095
2094
2094
2094
2090
2087
2087
2087
2082
2082
2081
2081
2080
2080
2078
2077
2077
2076
2075
2074
2074
2074
2073
2071
2071
2070
2069
2069
2069
2068
2068
2068
2066
2065
2064
2064
2064
2060
2060
2060
2060
2060
2059
2059
2058
2058
2056
2056
2056
2055
2054
2054
2053
2053
2053
2053
2053
2050
2048
2048
2047
2047
2046
2046
2045
2045
2045
2044
2044
2042
2042
2037
2037
2036
2036
2035
2035
2034
2034
2033
2032
2032
2032
2031
2031
2030
2028
2027
2027
2027
2026
2026
2026
2025
2018
2018
2017
2016
2016
2015
2014
2014
2012
2012
2009
2009
2008
2007
2007
2007
2006
2004
2004
2003
2002
2002
2000
1999
1996
1993
1992
1990
1990
1990
1989
1989
1985
1985
1984
1983
1983
1983
1983
1983
1982
1982
1981
1981
1979
1979
1978
1976
1976
1969
1967
1966
1966
1966
1965
1965
1964
1963
1962
1962
1961
1961
1959
1958
1957
1956
1955
1954
1954
1953
1952
1952
1951
1950
1950
1950
1946
1944
1942
1941
1940
1939
1939
1939
1937
1936
1935
1934
1933
1930
1930
1929
1928
1928
1927
1926
1926
1925
1924
1924
1923
1923
1923
1923
1922
1922
1921
1917
1916
1915
1915
1913
1913
1913
1913
1912
1912
1911
1911
1911
1910
1910
1909
1908
1907
1907
1907
1904
1903
1903
1903
1902
1901
1900
1899
1898
1897
1895
1895
1894
1894
1894
1892
1892
1892
1891
1891
1889
1889
1888
1887
1886
1886
1886
1885
1884
1884
1884
1883
1881
1878
1875
1874
1873
1872
1870
1870
1870
1870
1869
1867
1867
1867
1866
1865
1865
1864
1862
1862
1861
1860
1859
1858
1855
1854
1854
1852
1852
1851
1850
1847
1847
1846
1846
1846
1845
1845
1845
1841
1840
1840
1839
1838
1838
1836
1836
1835
1832
1830
1828
1827
1825
1825
1825
1823
1823
1821
1821
1818
1817
1816
1816
1815
1813
1812
1812
1812
1810
1810
1809
1809
1808
1807
1804
1804
1803
1801
1800
1798
1798
1796
1796
1796
1792
1789
1789
1788
1786
1781
1780
1779
1779
1776
1776
1776
1775
1774
1774
1772
1771
1766
1764
1764
1764
1763
1762
1761
1759
1759
1759
1758
1758
1758
1754
1754
1752
1751
1750
1750
1750
1749
1748
1748
1746
1743
1742
1742
1739
1738
1736
1736
1734
1734
1733
1732
1732
1730
1728
1727
1725
1725
1724
1724
1722
1722
1721
1720
1719
1718
1718
1713
1712
1710
1710
1709
1709
1708
1708
1707
1707
1704
1703
1701
1701
1694
1692
1692
1692
1691
1688
1686
1686
1686
1685
1684
1682
1680
1679
1678
1677
1676
1675
1674
1673
1672
1671
1668
1668
1666
1666
1665
1662
1662
1660
1657
1656
1654
1652
1652
1652
1651
1651
1650
1649
1648
1648
1648
1646
1646
1646
1644
1644
1638
1638
1637
1636
1634
1632
1632
1631
1630
1627
1627
1626
1625
1625
1625
1622
1618
1617
1617
1617
1617
1616
1615
1614
1614
1613
1612
1612
1611
1611
1610
1610
1609
1608
1607
1606
1606
1604
1604
1603
1603
1603
1603
1603
1602
1601
1600
1599
1597
1596
1594
1594
1593
1593
1592
1592
1590
1588
1587
1587
1586
1586
1584
1584
1583
1580
1579
1578
1577
1577
1576
1576
1576
1575
1573
1569
1569
1567
1567
1566
1566
1566
1563
1563
1553
1552
1552
1552
1552
1551
1550
1548
1547
1546
1544
1543
1543
1543
1543
1542
1542
1542
1541
1541
1540
1539
1539
1539
1537
1537
1536
1535
1535
1535
1535
1534
1533
1533
1533
1532
1530
1529
1528
1528
1528
1526
1526
1525
1525
1524
1523
1522
1522
1521
1519
1518
1518
1515
1515
1515
1514
1512
1512
1511
1507
1505
1505
1505
1503
1502
1501
1499
1499
1498
1498
1497
1493
1493
1492
1489
1488
1487
1485
1485
1484
1482
1482
1482
1482
1481
1481
1481
1481
1478
1476
1476
1475
1474
1474
1473
1473
1473
1472
1471
1470
1469
1469
1467
1467
1462
1461
1461
1460
1458
1458
1458
1454
1454
1454
1453
1452
1446
1446
1445
1443
1441
1440
1440
1440
1438
1437
1437
1435
1434
1432
1432
1431
1430
1429
1428
1428
1428
1428
1426
1424
1424
1421
1420
1417
1415
1415
1415
1413
1413
1411
1411
1411
1407
1406
1406
1405
1404
1402
1401
1399
1398
1397
1396
1396
1394
1394
1391
1389
1388
1388
1385
1384
1381
1380
1379
1379
1378
1377
1377
1376
1376
1376
1376
1375
1375
1375
1374
1374
1373
1371
1369
1368
1368
1366
1366
1366
1365
1362
1361
1361
1359
1359
1358
1358
1358
1357
1357
1355
1354
1354
1353
1352
1352
1350
1350
1350
1348
1347
1345
1344
1344
1343
1343
1343
1342
1342
1341
1340
1338
1336
1334
1332
1332
1332
1331
1331
1331
1331
1330
1330
1329
1328
1328
1328
1326
1325
1323
1322
1322
1319
1314
1313
1313
1313
1313
1312
1311
1309
1309
1308
1308
1306
1306
1306
1305
1303
1302
1302
1300
1299
1295
1292
1292
1291
1290
1288
1287
1287
1286
1283
1282
1281
1279
1278
1278
1276
1276
1274
1272
1271
1271
1270
1269
1269
1269
1269
1268
1267
1263
1263
1263
1263
1263
1262
1262
1260
1260
1258
1258
1258
1257
1256
1256
1256
1253
1253
1253
1251
1248
1247
1246
1245
1244
1242
1242
1240
1240
1238
1234
1234
1234
1234
1232
1231
1230
1229
1226
1226
1225
1224
1224
1220
1219
1218
1218
1217
1216
1212
1211
1211
1210
1209
1209
1208
1207
1206
1204
1202
1201
1201
1201
1201
1201
1199
1199
1199
1197
1197
1196
1195
1194
1194
1193
1190
1188
1188
1186
1186
1185
1185
1185
1184
1182
1181
1181
1180
1180
1179
1177
1176
1176
1174
1170
1169
1169
1168
1168
1168
1168
1168
1167
1164
1164
1164
1160
1159
1158
1157
1157
1153
1152
1151
1150
1149
1149
1148
1146
1146
1146
1144
1142
1142
1142
1139
1137
1136
1136
1136
1135
1134
1134
1134
1133
1132
1130
1130
1129
1129
1129
1128
1128
1128
1127
1125
1121
1121
1120
1119
1117
1117
1116
1114
1112
1111
1109
1106
1106
1104
1104
1103
1101
1101
1095
1094
1093
1092
1090
1089
1088
1088
1088
1087
1084
1084
1083
1080
1080
1078
1076
1074
1072
1071
1070
1070
1069
1068
1067
1066
1066
1066
1062
1061
1060
1060
1060
1059
1058
1058
1057
1057
1057
1057
1056
1056
1053
1052
1051
1051
1049
1047
1047
1047
1046
1046
1045
1045
1044
1044
1042
1041
1040
1040
1039
1039
1037
1037
1037
1036
1035
1034
1033
1032
1031
1030
1030
1027
1026
1026
1025
1025
1023
1022
1021
1020
1017
1016
1016
1014
1013
1012
1011
1008
1007
1007
1007
1005
1005
1003
1002
1001
1001
1001
1000
999
998
997
997
997
997
996
995
994
992
991
990
986
986
986
985
982
982
982
982
981
981
980
980
979
977
977
976
975
974
974
972
972
971
970
969
967
966
966
965
963
962
961
960
957
957
957
956
956
956
955
955
954
954
954
953
953
952
951
948
947
947
945
944
944
943
943
943
942
941
940
940
940
939
939
938
936
930
929
929
925
925
925
924
924
924
918
917
916
914
913
913
913
912
911
910
909
908
907
906
906
904
903
903
903
899
898
894
892
892
890
889
888
888
888
888
886
886
885
885
883
882
882
880
878
878
877
877
877
876
876
876
875
873
873
872
870
867
867
866
865
864
864
863
859
858
857
857
856
856
855
855
854
854
853
853
852
852
851
850
849
846
845
844
844
843
841
839
838
836
836
835
834
832
831
829
827
827
826
826
825
825
824
824
822
821
821
819
818
818
818
818
816
815
812
810
810
809
808
808
805
803
802
800
800
798
797
795
794
794
794
793
789
787
786
786
786
785
785
784
782
782
782
781
778
778
777
775
773
771
769
769
767
766
764
763
763
761
760
760
759
758
757
757
755
755
754
754
754
751
748
747
747
745
744
744
741
740
738
737
736
735
733
732
731
731
728
727
726
726
724
724
724
722
721
720
720
719
719
718
715
715
715
714
714
713
711
710
709
709
708
706
704
703
701
701
699
698
695
693
693
692
692
689
688
686
686
685
683
682
680
679
678
678
677
677
676
676
673
673
673
667
667
665
665
663
662
661
661
660
660
655
653
651
650
649
649
647
647
645
644
642
641
640
639
639
638
638
637
636
636
632
631
631
629
629
627
625
625
624
624
623
623
622
622
620
619
619
618
618
618
618
618
618
617
617
616
616
612
612
610
610
609
608
607
607
607
605
604
604
603
601
600
600
600
598
597
597
595
594
593
591
590
588
586
586
584
583
582
582
581
579
578
576
575
573
572
572
571
569
568
568
567
566
562
560
560
559
559
558
557
555
554
551
551
550
550
547
546
545
542
541
538
535
533
531
530
526
525
525
525
524
521
521
520
518
517
516
516
516
512
511
508
506
506
505
504
503
503
501
501
500
500
499
497
495
494
493
492
491
490
488
487
486
486
486
485
484
483
481
481
481
479
478
476
473
472
472
471
471
471
470
469
469
468
466
464
463
462
462
458
457
457
455
455
448
446
446
445
445
445
443
440
439
438
437
436
435
434
433
432
432
432
432
431
431
429
429
425
425
425
424
424
423
423
423
422
420
420
418
418
418
418
417
414
414
413
412
410
410
409
406
406
405
404
403
402
402
400
398
397
397
395
394
394
393
392
392
390
389
389
387
387
386
386
385
384
382
382
381
378
378
378
377
377
377
373
372
372
369
367
366
364
363
361
361
359
359
353
353
352
351
351
350
350
350
349
349
348
348
347
347
346
346
345
343
343
343
341
340
339
339
338
337
335
333
332
330
330
330
330
329
328
326
325
325
321
321
319
319
318
316
315
315
313
312
311
310
309
309
308
307
305
302
300
300
299
298
294
291
289
289
287
286
285
285
284
283
282
282
280
278
278
277
277
277
276
275
274
274
274
273
272
272
271
271
270
268
267
265
265
264
263
262
261
261
260
259
257
257
257
257
256
253
253
252
252
250
249
249
248
248
247
247
245
245
245
244
241
240
240
239
239
237
236
236
235
235
235
234
234
231
228
228
226
226
224
224
224
223
221
220
219
217
216
216
215
214
214
214
213
212
212
212
212
211
211
209
209
209
209
208
208
207
206
204
203
203
201
201
197
196
192
190
190
190
189
185
183
183
182
179
178
177
177
175
175
174
173
173
172
171
170
170
169
167
166
165
164
164
163
163
161
161
160
160
159
159
159
157
156
155
155
154
154
153
152
152
150
148
147
146
146
145
142
140
139
138
138
137
137
136
136
135
134
133
133
133
133
131
131
130
128
128
127
127
125
125
124
122
121
121
121
120
119
116
114
114
113
109
107
105
103
101
100
97
97
96
96
93
91
90
90
90
90
89
89
89
89
88
87
86
86
85
85
84
82
82
82
82
82
77
74
72
72
71
70
69
64
63
63
62
62
61
61
60
60
59
59
56
56
54
51
51
51
50
49
49
47
47
44
44
41
41
39
38
36
35
35
34
33
33
33
31
29
28
28
27
26
25
25
22
22
22
21
21
21
20
20
19
18
17
16
15
15
13
13
13
12
10
10
9
9
9
8
6
3
2
2
