10000
498
927
896
641
969
9
240
936
618
999
943
668
314
30
327
107
507
82
828
324
585
826
612
385
594
456
838
71
845
688
281
36
657
890
394
142
330
696
985
489
503
577
940
330
432
690
887
8
464
29
793
103
371
85
461
364
596
192
168
561
287
928
860
222
429
312
649
100
957
155
862
960
562
746
672
536
45
119
181
19
905
616
265
744
646
389
448
149
812
367
269
243
482
722
316
566
552
567
400
128
293
855
629
818
767
856
842
579
192
333
587
669
511
703
649
927
822
669
176
433
183
786
926
188
832
948
207
498
679
989
19
475
473
538
892
642
615
238
60
551
249
212
329
639
927
262
824
82
904
578
937
601
258
60
508
393
1
92
244
499
345
472
32
514
235
836
956
437
744
193
798
600
38
949
797
968
64
51
880
433
127
351
884
243
635
998
868
617
453
623
116
789
53
105
534
56
343
468
6
556
487
354
781
798
56
800
658
458
940
481
915
117
36
624
767
371
909
644
130
193
729
403
737
553
233
942
50
716
75
287
476
323
79
63
934
785
338
555
852
780
608
240
80
137
524
565
487
559
352
272
94
921
728
659
726
777
799
870
467
738
919
365
302
406
909
548
676
354
475
845
655
18
24
539
929
259
922
215
115
71
509
465
990
904
858
982
165
702
945
854
739
152
975
140
939
362
446
19
754
898
704
118
494
473
812
683
764
787
796
791
838
964
663
996
557
92
312
709
508
30
976
865
318
669
148
404
498
583
229
831
938
738
44
106
279
691
457
71
490
572
474
272
437
911
668
794
154
467
625
545
960
692
895
176
398
600
165
631
424
338
120
699
155
958
437
599
274
941
33
253
760
20
324
537
278
293
464
554
708
3
159
877
261
52
902
561
209
993
748
191
114
464
449
397
174
301
731
474
173
329
13
681
309
45
624
239
129
937
907
606
18
738
2
995
724
842
235
301
422
254
24
94
754
712
387
670
305
183
367
995
609
479
821
64
958
760
135
571
777
147
94
644
63
68
32
812
704
975
903
599
314
38
100
108
326
621
567
155
813
875
344
186
242
680
90
871
451
675
912
16
626
15
433
411
73
269
978
390
805
712
931
680
942
445
58
860
402
856
884
605
748
287
238
550
859
8
832
630
85
897
260
140
788
930
266
838
585
42
54
711
739
206
152
781
130
233
351
213
428
82
361
575
48
559
514
134
343
717
549
854
789
32
45
405
78
188
681
825
543
490
438
379
339
869
673
909
54
781
776
388
899
382
215
286
698
151
285
474
638
959
921
735
899
554
147
934
820
12
675
662
513
583
740
84
198
298
818
174
805
448
585
192
80
336
998
480
657
918
17
672
482
169
815
791
800
496
758
884
473
496
306
132
731
764
517
599
199
417
937
598
277
537
94
868
696
44
123
58
391
333
430
150
350
932
413
27
464
159
180
333
829
554
172
235
634
916
269
765
712
482
585
293
244
470
690
14
529
684
304
808
130
815
987
898
626
889
285
370
40
965
642
915
114
390
887
112
824
195
328
796
253
527
23
74
954
967
532
880
282
361
237
707
863
763
279
834
382
306
484
794
17
165
721
440
198
123
599
15
547
999
510
124
417
136
360
925
906
88
784
546
521
58
24
623
628
325
792
778
855
652
146
207
25
566
137
257
954
537
656
186
211
19
943
53
740
206
388
623
422
117
782
46
60
32
7
700
340
234
347
8
206
624
711
352
609
560
525
109
61
713
271
621
978
595
91
717
293
745
675
945
325
803
124
998
684
60
156
203
407
135
887
153
531
858
798
56
736
265
436
671
76
535
202
213
219
59
943
137
355
160
286
684
455
408
17
304
454
757
58
928
527
688
662
388
140
221
363
965
996
478
292
718
928
608
858
725
715
49
875
85
65
986
77
781
840
851
686
193
237
416
406
896
468
347
293
531
214
829
843
807
276
157
195
167
114
396
956
392
376
451
796
26
237
361
323
44
224
588
587
238
966
365
432
6
101
574
53
954
691
200
665
124
986
131
577
838
313
990
472
538
66
333
946
646
304
59
634
955
494
714
430
637
711
715
950
153
57
516
551
71
126
891
879
246
336
720
65
705
952
429
975
287
228
600
493
441
45
623
3
895
680
875
852
208
824
349
99
8
728
470
588
37
762
469
917
603
51
171
123
691
58
294
83
429
469
433
869
969
985
554
249
65
859
959
54
686
827
963
403
208
864
236
394
915
649
635
43
362
596
549
994
234
788
606
737
390
283
46
917
915
854
23
383
677
916
940
931
779
711
521
837
663
603
799
415
457
967
431
669
258
886
253
415
596
53
764
140
74
374
771
133
921
139
571
448
324
718
138
195
30
86
139
278
794
737
664
265
692
150
676
305
827
276
656
749
640
403
712
577
744
492
245
200
823
573
113
574
384
972
72
594
653
360
96
202
1
556
383
470
510
856
496
636
169
4
838
131
598
481
392
279
488
286
156
463
516
632
616
656
775
625
173
649
898
619
243
747
88
121
110
360
134
310
208
620
101
460
28
409
241
618
493
695
805
453
879
17
539
594
589
751
55
220
540
17
757
730
869
235
876
550
822
922
691
4
380
342
102
86
965
717
993
98
914
529
885
823
688
296
854
772
697
355
118
202
975
652
538
372
282
846
721
435
888
704
420
467
457
268
895
202
692
355
76
400
770
845
561
453
24
685
332
356
882
579
75
568
148
518
287
804
439
395
242
266
938
917
477
36
682
852
130
961
107
355
353
147
785
938
229
943
123
418
845
928
840
180
899
454
918
693
700
540
647
954
955
834
958
584
645
990
904
510
99
309
630
606
460
889
155
178
731
833
595
825
229
417
488
23
587
863
715
746
315
600
404
702
17
301
710
736
861
296
546
460
275
189
79
807
557
816
74
216
91
35
435
80
291
825
808
92
505
69
956
318
985
841
644
159
748
762
48
488
389
554
294
842
971
955
193
916
855
351
807
634
660
878
644
466
520
835
813
203
791
636
81
671
544
935
798
700
499
897
361
765
808
945
341
428
602
234
773
637
807
931
994
393
568
148
157
989
484
237
285
957
149
209
684
720
310
322
17
372
592
927
528
664
925
30
823
44
111
186
756
759
10
276
666
360
982
723
145
245
835
66
923
61
612
817
45
799
703
422
654
646
769
245
983
174
432
215
533
198
343
513
210
580
219
825
764
366
955
60
393
13
892
11
137
679
520
635
276
88
233
670
698
212
405
559
46
676
271
912
154
948
172
393
775
751
572
286
999
107
857
522
82
415
108
97
315
77
314
503
719
228
419
712
524
342
178
284
33
651
301
204
687
650
576
233
340
757
405
178
530
589
889
772
694
570
230
112
491
705
557
488
503
291
51
206
184
829
839
356
305
506
300
263
753
921
398
217
31
173
125
737
459
13
217
239
462
253
961
526
732
654
923
969
679
626
618
438
669
937
901
858
296
521
178
278
163
49
642
104
23
950
960
543
41
761
573
667
723
12
480
578
637
232
322
980
950
281
626
742
829
232
944
933
239
650
95
726
473
907
331
723
23
879
162
206
616
110
894
721
192
82
781
675
97
195
81
632
999
793
489
880
316
442
523
133
181
134
23
183
731
497
897
743
380
866
885
851
395
111
644
892
103
326
505
295
226
782
573
510
495
599
189
232
726
194
224
117
95
1
977
680
400
347
373
785
312
514
432
442
842
684
945
586
10
790
490
335
55
375
498
987
210
23
187
646
982
280
956
789
415
671
764
199
752
812
616
83
263
490
971
755
318
84
653
867
85
194
674
975
151
525
535
731
929
463
334
309
230
706
191
74
572
851
461
540
475
767
113
44
980
560
618
974
614
320
595
364
135
700
297
29
53
179
896
548
570
165
397
591
625
328
509
131
626
104
841
222
486
446
16
750
153
740
127
319
68
225
725
857
747
468
381
955
306
251
417
924
839
612
859
961
488
631
878
786
259
538
852
633
762
18
440
836
181
401
915
311
568
43
534
722
895
901
984
908
38
745
814
718
693
993
487
947
699
693
924
835
904
73
88
485
869
862
166
421
470
259
106
296
957
482
259
226
666
708
836
233
698
41
246
776
233
87
871
503
491
658
838
206
306
119
974
541
219
704
649
693
776
58
32
845
781
532
448
241
827
844
338
563
893
574
366
555
119
275
94
731
503
182
459
312
133
845
552
69
898
940
725
82
647
322
67
784
325
50
174
298
970
192
408
871
308
356
558
658
821
386
530
254
640
78
103
256
177
606
873
809
268
624
565
129
761
167
968
767
662
218
316
498
961
725
473
586
560
255
206
195
709
75
978
192
110
765
856
43
916
599
400
334
494
323
239
214
579
885
39
306
956
276
3
5
351
243
952
727
216
43
630
96
828
900
461
520
736
609
166
189
208
628
202
965
528
627
726
770
99
845
557
369
491
716
62
44
675
504
651
205
192
315
475
955
20
670
55
285
765
163
779
51
497
419
371
321
679
725
761
707
372
258
491
320
609
370
170
611
298
191
385
781
622
514
850
765
18
955
37
478
1000
270
245
445
649
587
859
587
291
42
39
18
874
544
561
98
492
584
168
702
958
457
722
254
283
241
492
793
586
922
696
595
763
720
378
280
108
225
643
313
189
359
758
698
898
832
934
162
730
790
384
920
584
660
334
234
827
49
366
523
326
427
981
671
891
357
843
438
565
461
499
564
213
902
158
38
527
528
720
431
420
945
215
601
146
634
235
180
486
158
201
871
863
939
297
694
488
439
975
593
139
793
948
227
852
22
900
766
889
357
748
7
669
940
57
175
39
762
870
42
16
735
288
649
894
613
516
797
412
941
178
829
148
439
290
666
730
569
476
117
814
166
591
463
330
676
388
335
43
35
829
919
795
732
397
604
117
813
788
549
624
216
941
25
152
389
958
252
413
618
12
737
9
426
644
793
42
508
180
36
894
160
837
431
528
670
151
817
986
306
751
726
877
695
942
590
326
452
820
523
553
326
886
91
716
684
769
804
659
912
66
71
291
175
355
386
835
995
329
706
990
370
425
776
88
907
385
731
973
866
819
589
585
411
412
655
682
453
488
222
328
790
397
10
555
440
114
280
359
171
362
766
545
94
286
718
443
841
371
215
470
648
747
984
815
585
828
4
768
799
98
574
243
93
109
926
443
959
79
569
705
530
92
566
440
173
307
655
295
855
63
831
296
354
808
21
261
721
503
139
223
471
370
592
352
989
808
809
921
690
843
417
528
701
577
215
388
546
353
419
956
707
512
576
746
234
100
551
344
229
940
490
421
821
572
558
839
163
726
442
928
37
1
957
198
948
675
255
925
509
4
433
963
3
126
332
242
280
708
185
277
796
776
773
539
953
622
327
580
766
124
812
289
393
999
739
679
774
358
456
344
126
188
124
839
482
696
456
736
197
604
149
510
990
374
906
718
53
538
193
604
48
448
402
573
465
627
25
530
209
148
768
95
497
535
190
706
849
236
361
883
927
106
211
486
775
111
903
254
192
118
404
232
939
313
759
744
786
270
773
367
925
993
801
270
609
426
723
912
866
988
349
922
782
443
731
376
618
967
200
919
433
994
114
843
177
121
789
597
632
930
751
142
583
186
644
7
524
106
947
237
211
512
621
194
512
992
131
719
317
814
851
389
721
392
412
454
166
289
25
176
407
252
805
157
295
107
464
507
992
653
980
668
966
576
776
468
232
250
786
175
661
548
786
717
803
709
383
650
410
324
547
39
230
864
465
386
575
560
447
769
540
904
744
962
157
545
880
823
72
60
71
803
336
280
379
633
778
958
506
243
676
204
106
336
394
585
738
532
573
908
263
359
829
51
596
168
171
954
465
204
747
593
660
356
632
535
25
297
824
972
387
617
558
956
427
137
555
482
98
57
762
229
913
279
602
676
710
492
393
790
884
14
362
852
648
244
410
186
741
503
735
630
824
725
502
398
820
288
500
893
506
795
479
255
642
724
621
205
786
553
431
791
258
468
883
101
956
297
985
657
340
632
652
74
992
322
784
862
449
109
728
171
618
879
202
300
318
771
735
551
564
807
909
350
328
227
46
338
85
222
262
911
104
892
910
553
815
263
150
14
782
681
923
324
676
814
568
785
73
289
785
820
65
143
198
961
758
108
114
709
764
261
199
421
313
670
179
307
628
343
54
859
635
655
355
849
107
670
454
973
353
736
181
151
531
290
951
210
624
269
493
775
824
544
378
800
738
400
59
634
171
764
58
908
3
716
823
595
668
865
717
794
823
35
782
881
660
239
58
521
478
516
555
966
191
922
631
706
585
467
862
478
780
156
814
813
149
470
437
290
371
937
849
906
327
876
538
612
14
203
560
51
154
802
931
969
68
707
49
239
51
454
486
850
387
60
62
539
590
612
211
211
905
54
578
751
325
755
888
754
54
901
438
678
25
657
223
158
991
713
346
19
689
282
820
348
756
386
137
220
680
117
992
258
534
649
111
486
293
938
996
883
886
111
35
374
618
707
658
305
524
189
254
769
437
634
397
63
88
58
490
653
594
277
602
802
499
202
838
652
176
435
60
148
632
760
892
100
376
721
269
928
518
411
695
70
322
302
185
244
346
991
664
862
902
988
647
650
815
597
545
148
188
567
286
526
450
286
333
283
352
577
818
650
207
27
691
308
172
249
192
475
821
844
746
872
981
680
451
761
604
758
752
176
910
102
366
967
816
75
497
678
45
71
919
833
138
155
923
47
302
184
625
396
843
737
46
527
130
257
282
925
863
986
997
710
418
647
695
409
705
787
809
255
572
800
200
250
245
111
545
842
459
491
529
427
314
741
415
204
512
382
67
430
198
748
626
828
735
297
87
906
995
856
466
116
584
911
125
928
294
357
241
793
506
451
823
805
848
988
61
660
405
224
379
574
605
494
687
92
487
903
233
351
836
63
393
351
808
51
805
837
347
919
356
91
648
408
50
359
257
772
69
225
14
609
240
290
931
723
537
53
149
639
450
793
666
598
147
573
900
658
333
819
510
373
104
657
590
106
504
317
150
3
665
267
831
520
170
403
109
267
951
946
771
959
786
501
882
248
460
721
579
229
675
666
516
560
814
543
645
552
896
307
442
648
327
328
517
766
281
318
12
339
914
961
402
919
379
376
173
618
948
898
997
757
610
612
370
620
847
861
570
572
284
128
450
650
679
734
478
256
951
125
403
428
213
322
473
769
573
793
405
932
158
215
413
640
796
858
318
572
687
794
156
610
160
823
864
817
536
244
742
634
712
290
203
378
438
989
421
786
638
305
48
943
676
82
64
688
849
453
462
603
723
816
754
999
800
943
372
642
778
832
341
666
528
822
18
470
662
386
565
341
614
729
930
88
734
367
912
892
373
114
775
206
98
200
302
993
337
125
78
694
499
460
384
85
657
372
398
205
570
794
519
628
528
829
330
321
625
135
280
205
65
950
797
713
932
863
581
28
544
26
639
241
661
990
376
560
36
279
139
292
999
389
927
519
947
973
367
753
673
649
818
610
368
157
512
207
420
375
583
35
941
553
949
207
144
770
769
277
125
888
36
724
981
835
654
298
78
353
431
471
377
34
152
437
561
364
108
869
910
987
204
625
146
992
453
862
64
40
366
48
388
683
87
741
243
346
283
288
43
271
998
922
615
968
422
788
847
558
401
243
380
91
572
849
665
381
491
808
826
337
44
548
412
578
848
513
358
612
627
535
217
970
37
105
177
59
180
805
826
875
63
529
518
179
934
294
85
709
837
322
560
610
526
294
372
407
107
840
989
867
738
554
419
724
640
210
304
800
514
181
533
449
168
489
279
913
695
493
670
968
566
296
2
595
216
211
122
835
518
299
500
1000
20
446
56
276
791
26
618
496
565
911
881
74
799
235
100
160
732
467
657
93
697
551
762
519
472
32
819
743
745
754
653
561
56
283
781
306
736
359
611
119
754
219
78
885
35
967
893
20
158
162
27
574
488
928
264
75
563
891
445
741
362
165
348
510
234
919
110
282
697
542
695
639
839
39
293
632
22
852
647
982
325
136
865
321
483
877
419
278
841
648
83
370
165
123
604
855
151
151
702
593
810
774
117
680
749
463
115
322
783
333
983
161
444
311
694
410
759
444
622
653
429
951
243
681
620
479
847
796
14
474
18
616
791
740
510
807
441
172
639
928
451
742
394
737
803
811
905
415
171
542
440
586
852
607
174
593
90
722
954
753
471
469
280
508
867
36
806
299
651
584
560
610
888
154
931
422
2
75
148
186
343
457
267
826
969
878
450
991
279
844
952
776
611
293
941
619
520
642
504
628
722
358
42
518
92
235
890
594
131
906
52
479
445
342
176
910
969
139
439
238
455
338
871
395
989
34
228
301
218
932
272
966
473
359
253
169
551
869
503
479
665
653
306
931
618
163
940
420
472
991
174
245
417
374
581
136
440
484
436
726
602
777
172
160
114
776
163
393
314
969
205
805
180
401
894
993
776
559
951
677
98
795
192
874
9
301
235
460
979
765
322
847
870
150
733
59
243
87
833
648
578
338
56
493
941
136
202
432
380
193
859
504
659
813
282
516
78
344
43
180
904
449
291
973
587
593
233
228
984
587
168
810
720
447
464
742
210
33
82
811
947
796
750
242
462
113
173
495
665
885
890
566
678
968
23
395
242
487
152
574
354
386
878
523
836
612
808
555
77
774
498
777
252
362
817
416
654
859
166
127
137
849
836
806
159
678
610
360
305
830
249
318
780
505
639
297
549
593
478
955
386
753
785
296
955
287
969
727
699
81
813
144
155
387
138
732
868
777
635
64
338
176
127
518
694
803
762
299
932
858
981
666
729
235
315
621
754
596
136
833
324
123
19
102
483
975
826
310
390
957
719
758
522
371
334
434
360
355
856
966
766
914
534
613
551
734
918
80
711
872
250
194
41
410
662
459
453
252
281
629
267
50
832
450
906
783
443
875
568
732
142
364
240
968
746
968
388
635
322
113
908
941
448
860
423
152
577
114
306
155
313
261
156
360
568
638
845
726
361
970
828
845
396
536
703
364
356
901
727
438
691
768
133
215
669
397
717
490
608
62
890
980
926
618
390
609
934
424
338
490
849
665
560
994
915
874
992
501
936
101
488
317
902
159
23
350
133
104
301
531
907
50
65
139
897
829
400
358
362
504
421
44
220
892
447
405
674
366
698
656
738
693
363
500
323
796
442
391
184
256
590
73
809
654
540
812
766
691
548
82
121
410
177
859
634
781
316
520
751
635
55
338
766
789
601
927
589
360
419
249
942
188
804
580
727
11
815
45
176
977
182
41
280
691
194
468
887
658
959
273
131
251
376
101
990
998
794
115
931
336
460
405
420
543
613
20
846
495
397
322
494
850
778
618
275
86
637
89
313
223
530
489
638
268
746
793
139
648
315
520
397
939
84
733
640
805
300
242
187
533
481
603
25
648
783
736
408
462
58
472
540
394
196
868
1
238
444
124
708
784
215
124
144
40
527
334
567
914
447
323
25
434
182
719
809
374
686
332
386
392
645
863
222
378
315
675
173
348
663
916
253
582
530
76
881
19
419
728
444
721
496
319
365
488
581
464
991
343
127
110
447
777
705
858
216
308
385
905
944
879
528
284
44
988
451
856
979
118
632
936
767
450
640
175
102
699
995
762
882
738
198
359
952
991
620
81
800
509
849
292
853
653
994
872
38
7
664
130
907
272
998
330
803
635
575
203
834
883
652
947
893
785
524
746
861
644
412
994
503
668
79
637
959
655
555
79
515
183
404
22
160
245
151
230
158
780
481
144
35
184
840
752
148
711
344
907
739
843
830
249
778
666
736
878
767
963
263
258
441
577
935
49
66
757
642
245
580
180
414
832
369
714
755
958
585
237
349
257
571
397
126
116
240
977
160
589
969
734
651
859
442
734
825
484
454
21
641
699
699
582
386
494
605
203
822
88
832
626
578
607
192
26
65
20
576
497
987
425
627
170
47
350
669
503
330
571
407
905
139
804
1000
459
392
396
970
741
812
629
844
283
241
215
339
558
96
172
948
700
572
231
215
508
559
230
520
267
388
246
601
205
58
838
886
720
8
499
175
802
647
689
943
949
301
19
647
783
118
817
51
246
565
837
4
81
897
873
592
975
618
505
138
926
377
380
543
734
454
774
800
302
745
415
309
436
557
757
832
838
636
143
636
593
534
502
464
473
694
761
872
848
306
53
233
197
523
594
278
7
391
83
25
69
682
547
710
548
624
780
724
779
528
43
434
942
296
970
310
950
570
574
812
738
3
153
692
840
650
650
547
716
782
904
886
216
63
534
263
734
571
489
347
498
391
188
240
97
998
232
926
737
372
380
642
907
60
274
757
577
783
676
526
664
314
719
301
82
78
536
864
444
962
613
526
129
826
213
190
51
627
71
498
965
517
336
477
892
971
269
392
77
6
317
301
207
317
240
143
960
157
304
95
417
733
282
584
220
738
62
479
217
322
305
915
947
644
92
560
537
276
796
257
477
984
806
776
602
7
6
491
932
552
597
577
272
27
591
277
571
287
106
63
716
453
327
702
775
323
422
422
281
930
167
567
88
923
414
636
994
415
227
654
822
913
792
436
170
919
802
3
756
967
117
757
940
736
928
412
343
831
27
687
791
151
585
670
324
835
691
974
944
981
879
474
32
656
108
269
843
216
994
811
787
432
583
230
135
335
81
3
543
624
197
793
121
177
879
180
99
655
449
852
925
858
997
949
905
579
813
819
808
626
437
203
939
670
422
860
662
863
155
629
328
688
711
481
315
59
569
491
905
439
907
180
685
151
831
133
878
361
724
136
325
192
622
13
290
875
632
448
719
794
228
877
264
91
758
170
348
481
696
427
625
663
546
826
467
784
7
520
720
757
676
636
622
527
698
590
713
823
419
143
858
454
661
466
998
751
384
626
901
412
810
762
78
289
313
332
346
771
444
330
967
574
749
37
96
828
760
12
925
719
899
101
617
609
635
507
44
859
985
345
907
732
424
21
353
545
943
733
23
462
3
568
570
855
699
752
683
473
750
766
635
994
90
965
250
629
737
774
923
531
877
956
143
438
916
725
676
168
415
636
336
898
366
412
487
388
387
532
302
349
384
525
705
282
88
848
936
720
742
138
434
969
235
457
941
589
774
525
105
985
935
287
762
347
586
116
243
324
419
16
175
566
120
647
424
351
633
544
594
266
715
395
519
387
814
778
473
732
702
765
51
538
710
622
363
543
978
202
468
573
990
537
69
747
201
785
427
646
126
362
303
461
564
40
703
392
959
862
454
984
888
487
93
362
996
365
431
175
67
450
784
342
396
105
340
520
42
403
51
684
521
626
623
138
497
85
815
44
547
331
113
425
685
27
8
781
370
839
372
1
497
42
19
288
790
405
448
316
183
94
723
680
928
328
614
265
20
128
418
297
561
307
651
818
614
384
778
452
87
386
676
383
366
975
466
382
19
716
154
859
24
790
190
949
923
153
374
317
435
348
615
943
49
739
769
486
195
482
716
30
699
788
743
348
957
465
72
124
273
504
557
203
284
885
720
204
11
36
388
955
84
273
39
249
267
674
368
998
532
32
705
474
620
758
245
783
318
302
70
789
768
407
61
397
817
513
84
615
780
667
66
323
19
540
565
129
588
629
764
687
774
277
412
806
173
820
163
636
799
143
35
477
720
63
692
635
840
580
924
603
41
874
314
790
224
163
486
483
59
476
731
731
568
9
617
379
799
61
880
378
266
344
774
619
442
631
36
187
426
42
467
764
498
312
36
950
338
591
987
585
586
799
198
323
700
305
1
868
660
509
602
301
120
674
644
219
878
587
252
498
295
538
164
572
269
156
984
383
161
248
146
517
383
163
554
16
953
214
531
934
545
59
89
976
161
87
902
157
938
60
623
724
385
408
160
650
179
536
697
185
29
603
222
902
465
224
528
414
737
15
655
139
769
453
176
130
53
832
128
275
914
115
304
831
17
994
521
98
165
175
555
451
767
72
484
299
215
375
755
675
261
681
958
993
559
908
462
801
911
134
739
529
898
654
293
68
33
745
960
176
198
448
139
367
712
107
444
777
190
315
399
984
990
626
624
434
985
414
578
554
613
664
910
537
736
394
96
935
453
361
933
389
203
226
617
278
5
986
529
778
721
981
862
351
843
591
422
58
717
959
380
618
458
559
857
835
663
480
168
55
665
575
771
696
366
150
897
158
931
829
884
230
494
339
310
566
568
925
106
885
732
837
883
498
454
853
670
482
762
457
228
584
487
25
38
878
498
340
924
321
4
160
767
479
105
601
318
11
846
41
876
783
431
722
616
405
336
501
967
263
823
163
155
115
677
250
775
236
721
385
825
379
24
538
924
425
14
54
556
825
782
772
264
727
293
858
473
736
717
703
310
387
793
392
91
200
480
501
533
948
778
542
239
943
685
87
576
418
82
473
876
841
617
186
198
634
155
822
244
68
288
69
185
665
673
314
756
312
734
996
562
734
235
290
211
847
884
155
360
958
584
863
179
136
418
362
206
958
712
414
230
172
377
509
712
541
550
953
916
302
375
33
227
262
454
943
254
35
782
727
648
670
663
379
368
528
650
403
936
72
125
186
803
778
315
339
197
993
542
678
954
944
410
804
606
625
637
846
277
494
973
80
389
986
195
360
550
603
859
377
668
222
625
795
635
450
318
713
953
181
424
982
403
689
380
874
349
288
864
676
53
690
592
180
255
597
784
813
833
832
410
541
224
422
374
1
144
182
147
287
284
448
182
692
369
68
909
856
557
136
573
310
777
144
699
786
210
892
902
620
162
409
565
978
565
601
820
388
642
596
685
490
114
593
736
754
764
311
917
696
244
474
423
861
148
600
403
780
736
666
916
219
527
959
47
833
134
223
352
130
386
34
793
34
876
959
289
402
779
458
109
580
654
506
521
668
87
659
919
212
786
991
90
921
215
981
190
581
809
54
637
168
165
729
705
406
866
9
367
945
228
57
159
216
264
89
453
277
582
331
374
187
287
446
922
953
947
169
643
627
844
729
948
203
726
135
52
462
495
53
434
478
265
583
776
854
248
727
296
918
557
794
779
303
395
401
30
973
908
962
474
226
46
702
129
812
591
839
28
563
45
10
133
265
586
430
350
576
276
991
253
826
648
280
890
282
492
901
64
228
944
445
286
612
145
177
493
238
713
257
195
583
402
875
567
885
661
765
711
72
945
483
706
648
977
738
154
229
921
209
849
699
268
611
326
687
750
239
650
721
713
648
701
977
373
928
108
114
681
962
866
298
966
280
880
592
330
625
784
697
341
334
346
183
896
494
885
217
156
835
230
849
892
640
111
577
899
673
172
784
6
964
758
951
560
271
667
1
252
842
1000
732
314
683
774
810
683
556
46
586
814
673
718
328
542
264
406
107
63
570
200
814
765
483
407
762
764
907
51
105
848
813
384
49
651
461
47
498
322
410
317
219
369
749
269
321
908
490
656
896
882
932
267
918
70
545
878
534
621
749
814
425
592
36
732
595
5
406
488
969
322
325
873
865
586
276
573
636
873
618
969
914
725
701
483
553
924
504
84
729
496
309
268
53
191
809
81
744
602
214
268
378
523
310
858
125
882
115
48
887
410
373
896
844
595
894
741
553
404
624
248
34
515
341
853
79
921
328
820
820
136
670
528
497
559
330
578
401
881
408
659
478
578
596
787
447
942
336
300
883
37
242
711
433
557
76
370
968
115
672
299
742
703
180
925
855
677
174
819
12
710
504
121
412
69
804
845
346
507
142
544
330
181
261
737
793
644
145
311
618
239
886
164
331
821
897
999
176
188
789
9
804
568
843
214
46
344
61
134
648
353
832
225
614
757
830
463
840
592
448
724
827
327
430
476
171
104
161
518
44
281
904
28
577
392
679
308
345
38
473
982
18
442
942
258
562
965
148
522
400
87
85
68
356
546
132
462
346
76
526
777
143
12
732
243
123
53
374
879
72
160
439
681
648
300
559
959
455
785
889
69
749
448
392
999
126
52
644
384
854
39
847
537
748
481
929
629
847
902
647
361
256
772
322
736
612
276
586
852
224
687
481
682
498
331
505
435
499
661
717
41
164
49
619
929
885
298
283
390
2
414
412
429
993
282
513
977
220
791
470
966
349
172
113
601
819
124
508
392
846
598
943
70
535
602
865
366
70
270
187
896
366
57
536
621
724
424
238
541
847
760
862
509
167
852
336
11
927
464
511
185
522
663
806
551
265
245
981
185
143
823
28
631
595
479
363
889
742
158
31
884
649
649
218
901
14
130
7
886
457
398
162
144
48
270
785
461
601
271
456
335
355
500
701
108
749
100
487
983
219
146
559
375
785
694
637
556
688
173
106
257
863
565
168
206
291
686
756
776
839
876
365
847
601
992
508
677
495
501
820
456
86
879
308
47
148
344
732
388
318
113
120
474
319
337
781
911
51
578
354
309
580
209
556
479
457
733
140
35
742
103
369
964
322
980
337
756
399
687
291
392
486
749
652
611
761
682
654
503
486
748
20
47
542
332
64
425
786
829
923
912
810
131
210
819
433
197
161
114
177
356
936
489
698
745
158
122
724
287
588
596
628
795
201
814
503
702
319
333
619
604
733
622
760
1000
467
7
706
383
537
256
557
836
812
794
587
344
157
994
9
71
31
806
394
411
2
450
269
777
813
946
316
310
666
948
115
666
107
822
365
529
380
823
80
459
894
231
507
362
43
822
228
89
544
907
633
340
714
312
441
461
315
304
141
469
514
83
386
866
473
1
113
106
12
771
718
564
116
828
152
516
801
311
771
242
300
596
994
39
60
947
531
429
954
75
137
241
380
36
958
493
197
113
626
871
332
510
235
91
494
534
991
690
409
834
309
368
353
920
865
782
655
408
986
67
986
927
383
228
351
418
794
73
313
898
608
346
509
24
927
328
554
282
715
424
656
639
534
174
372
112
892
935
116
242
472
763
875
973
126
817
119
929
381
298
440
283
166
997
528
265
886
80
869
449
218
948
311
193
883
369
717
285
191
713
602
797
690
866
592
667
87
906
202
579
759
609
503
681
168
962
682
510
528
13
762
845
928
94
663
98
729
403
953
210
245
600
734
715
951
192
466
14
966
443
631
858
690
184
320
653
870
419
912
878
109
53
15
765
424
866
289
944
252
902
195
846
198
82
883
804
288
397
186
110
844
702
402
707
133
495
924
872
471
193
813
838
972
579
964
908
120
638
411
405
415
898
249
671
259
318
312
623
842
32
721
784
747
671
468
460
198
956
13
295
489
305
28
238
414
528
679
170
51
751
829
684
5
666
217
43
194
287
353
550
178
239
251
98
215
399
138
971
302
381
505
782
535
149
19
852
71
717
582
326
35
327
634
105
160
647
627
743
996
209
673
827
210
754
655
419
521
408
176
467
718
613
564
990
107
805
511
740
454
926
133
368
884
954
568
754
879
71
866
107
992
995
547
966
153
342
404
963
73
778
760
837
464
523
754
715
747
710
995
115
729
554
987
118
813
99
672
585
664
373
653
511
630
424
538
323
234
860
819
25
315
53
680
333
809
928
491
55
251
220
978
82
979
330
538
180
795
286
294
279
181
583
91
556
573
279
820
925
409
866
271
170
402
72
892
466
382
124
603
785
234
449
526
737
48
498
608
425
945
162
456
164
782
353
833
377
830
855
473
32
46
60
882
991
900
158
672
719
658
453
659
499
870
481
514
748
282
613
532
717
173
697
668
444
797
49
489
75
38
271
257
206
997
118
284
755
384
711
966
487
34
164
283
690
723
703
29
550
373
237
435
205
446
120
911
639
250
575
39
768
493
424
966
502
632
824
953
214
99
789
533
486
610
71
95
697
277
983
196
222
516
544
361
532
365
582
917
463
535
771
865
826
397
617
332
265
182
598
53
666
400
113
771
219
652
579
748
720
508
246
421
882
215
226
761
794
827
708
191
367
407
262
36
762
982
473
939
270
97
632
808
226
362
289
80
246
615
612
714
129
238
181
4
592
626
233
859
505
55
731
532
647
775
512
56
393
977
565
802
228
976
134
137
809
615
361
898
495
127
557
534
23
466
142
611
972
63
690
591
287
357
563
62
284
734
775
833
935
724
257
214
923
194
977
26
279
453
590
271
797
658
906
267
612
832
432
556
172
623
645
443
414
969
271
632
871
350
402
70
396
23
341
581
924
816
460
741
186
979
980
424
678
276
924
548
203
113
328
661
924
941
43
976
258
237
187
303
503
100
120
598
967
951
913
273
691
312
298
703
776
326
33
503
128
944
116
299
267
308
896
185
70
98
346
925
164
610
465
713
229
275
18
448
704
443
578
745
175
325
789
659
389
97
874
203
421
841
831
274
561
968
961
681
771
69
897
690
119
161
976
184
423
612
600
340
103
233
814
349
734
363
945
312
550
88
146
550
211
74
689
282
540
953
902
819
383
389
587
710
845
508
293
339
824
774
431
732
434
766
399
196
871
994
332
978
945
260
110
459
420
789
394
734
193
491
22
586
828
136
630
235
995
291
873
140
531
571
988
956
101
55
127
817
520
924
680
378
719
55
133
997
962
126
229
900
390
262
557
375
154
836
121
970
699
272
651
642
976
849
198
600
531
860
81
311
362
937
231
807
958
964
958
885
937
299
916
529
30
837
54
808
651
858
541
952
845
4
450
908
109
855
97
546
562
329
141
177
592
264
414
142
599
987
814
914
707
53
139
559
914
260
244
691
353
331
554
121
155
540
597
263
3
133
570
901
286
914
918
170
388
293
892
433
330
14
466
158
976
686
837
381
229
29
728
956
907
184
693
843
565
307
9
914
369
583
886
518
32
701
366
276
741
346
49
290
606
68
584
900
340
907
216
244
477
196
924
925
706
300
899
571
667
588
200
278
633
271
131
670
457
557
91
373
820
510
137
991
157
168
612
620
431
541
317
885
828
913
955
558
502
526
200
39
660
811
366
146
129
294
57
677
841
989
709
674
13
374
207
418
877
825
903
166
997
76
730
453
888
915
217
96
345
82
829
862
4
386
861
19
305
89
972
118
573
83
420
933
32
918
315
661
374
626
548
481
325
760
240
215
719
338
493
516
200
430
926
307
244
664
906
97
643
838
588
178
354
630
321
413
196
574
684
697
977
707
477
180
102
635
546
397
912
731
800
478
923
299
310
200
928
43
271
728
673
2
723
39
818
649
360
966
871
475
911
293
687
714
455
976
65
515
805
958
304
180
743
697
645
3
319
642
612
482
168
898
624
286
151
611
317
583
646
189
705
251
206
570
266
996
772
363
928
704
238
805
780
251
478
550
746
637
591
195
807
242
797
908
789
133
642
291
564
156
681
496
676
952
238
410
12
439
911
594
414
77
424
269
525
35
941
511
381
455
442
621
736
347
10
906
114
351
319
758
812
503
360
355
762
596
696
358
994
60
282
599
241
502
918
37
375
243
74
511
525
589
21
839
23
953
836
763
553
540
626
21
44
994
588
569
77
728
66
914
324
560
727
311
344
276
584
735
605
541
803
53
804
994
750
964
483
275
410
756
365
2
150
922
764
999
488
543
962
689
696
67
673
60
153
187
268
467
595
582
783
778
560
760
756
18
574
23
843
133
252
751
493
202
809
461
151
859
603
833
347
163
178
345
513
107
713
411
243
590
620
929
850
306
24
5
999
980
406
515
677
567
107
695
988
267
652
106
658
642
124
904
889
851
653
182
370
813
278
417
403
599
177
670
692
515
956
942
518
770
283
295
129
634
443
836
362
752
535
880
535
996
917
480
911
72
573
102
530
434
725
577
954
976
228
284
180
106
308
433
950
205
156
635
50
452
735
707
50
98
924
508
70
415
567
869
631
246
511
251
700
989
464
956
304
127
268
609
387
74
789
737
563
8
826
802
77
366
837
898
332
392
262
855
849
665
831
853
371
39
522
296
96
107
643
3
995
436
619
886
241
906
128
297
2
993
80
983
914
235
641
766
760
237
875
462
59
669
622
57
914
74
267
621
346
876
798
943
425
787
125
820
49
446
114
24
994
432
788
541
302
79
424
354
32
695
150
509
756
205
183
442
660
571
505
179
881
150
666
73
27
663
235
943
636
93
214
224
188
321
965
549
156
296
82
665
837
914
758
692
26
218
721
866
545
397
188
866
121
459
660
743
649
976
221
713
708
140
770
479
503
147
384
971
97
168
273
559
455
419
764
498
332
249
300
461
446
288
146
802
267
364
578
379
158
941
136
280
249
118
492
946
214
383
499
783
963
57
370
35
707
781
957
206
60
931
852
27
383
933
168
448
724
102
511
431
632
413
381
722
267
112
879
204
728
496
477
511
879
209
507
730
327
17
152
701
218
593
629
191
479
106
267
334
911
894
365
690
280
247
901
68
563
836
842
26
897
380
828
864
766
624
629
559
121
845
424
150
20
193
264
211
516
167
436
258
255
653
955
103
837
573
293
121
224
44
654
66
240
796
340
531
332
134
779
624
350
928
538
25
754
165
825
683
740
152
86
363
412
890
996
461
736
508
396
155
8
817
328
443
787
14
762
277
479
536
936
753
53
786
351
1000
979
965
294
898
917
114
535
95
387
299
51
624
661
874
139
251
241
438
708
787
761
395
427
748
977
202
613
784
245
442
61
127
25
632
775
525
779
680
783
136
63
887
257
246
623
202
781
129
530
104
531
468
374
912
631
202
267
247
398
351
251
722
618
924
111
861
194
951
115
111
41
263
399
859
785
990
230
396
698
357
99
558
767
714
179
42
580
492
139
467
554
861
114
528
334
435
421
194
338
29
852
42
351
679
695
59
640
316
38
662
991
561
332
468
61
575
43
526
961
403
63
638
528
501
773
145
954
137
169
501
927
935
340
437
401
650
669
195
188
383
456
189
292
574
628
579
153
273
382
362
826
909
812
995
387
10
967
656
241
848
653
521
440
61
987
621
489
805
510
610
666
523
861
324
56
676
132
693
965
903
172
510
134
438
696
334
600
382
403
801
341
5
795
929
121
767
960
89
58
672
864
724
553
493
500
25
926
178
294
187
881
833
696
297
224
201
913
153
752
747
665
122
914
975
35
535
441
459
974
973
187
866
335
332
676
232
371
183
45
905
233
933
624
386
550
825
791
654
712
603
875
36
321
404
863
885
438
959
173
231
121
315
759
330
91
712
968
425
809
588
63
520
641
199
421
305
338
9
735
415
53
151
158
605
527
383
946
251
89
46
630
321
522
559
364
843
625
808
821
225
847
373
524
360
600
316
115
459
615
886
373
545
849
270
212
44
570
878
246
977
160
526
301
568
980
851
275
726
509
843
751
337
339
797
946
271
923
179
241
652
926
126
614
375
391
546
20
17
792
222
247
480
606
474
669
244
812
727
582
296
755
106
530
901
871
56
621
953
496
286
239
544
864
91
430
351
212
34
826
185
601
838
427
707
589
853
402
664
134
443
747
84
586
291
850
703
157
764
491
8
748
595
623
125
275
173
67
451
699
802
322
747
134
787
96
172
616
663
334
403
628
67
769
314
469
63
194
709
32
353
684
666
163
117
277
146
809
526
991
747
851
470
918
723
504
612
332
256
291
955
80
976
98
938
824
964
12
422
402
435
414
824
814
944
828
170
167
98
658
703
523
374
45
642
208
319
794
453
560
595
113
474
984
317
234
631
300
17
797
786
922
558
766
10
925
53
917
175
440
436
115
861
761
862
94
162
567
866
35
173
13
650
242
31
413
578
136
430
807
535
66
716
162
895
755
576
965
810
246
925
607
412
516
918
708
756
125
463
212
186
432
848
330
869
58
350
844
14
630
593
551
665
943
554
818
491
331
35
322
402
916
756
931
595
553
468
715
81
82
191
983
804
596
79
811
851
414
18
471
558
91
677
25
538
373
91
347
148
326
504
707
905
697
74
127
491
140
119
895
667
610
483
898
370
277
470
982
542
709
74
386
252
563
750
117
440
692
114
182
142
471
762
303
168
317
396
113
932
296
649
237
23
868
985
737
718
1
751
652
118
959
197
835
120
367
100
201
114
927
825
828
306
963
376
745
270
752
540
604
526
680
627
680
851
5
994
310
161
981
116
743
277
31
986
655
682
44
228
348
651
966
961
988
196
265
400
840
486
166
907
8
764
640
2
554
652
858
817
680
431
799
327
358
45
355
159
973
769
15
291
302
144
28
205
894
953
665
820
866
926
69
108
146
885
857
150
434
282
327
715
857
147
607
881
263
31
886
222
2
868
169
119
109
222
781
738
707
825
287
406
476
976
769
255
103
65
880
952
287
911
890
497
459
374
520
907
765
19
701
827
154
976
871
659
607
114
716
118
674
346
246
422
295
540
251
618
997
410
518
756
74
494
129
915
933
179
805
200
746
202
563
586
88
716
866
698
612
647
64
129
414
178
938
190
825
654
322
440
374
83
462
462
132
118
127
513
676
838
857
128
400
314
675
981
732
162
186
830
656
951
999
329
354
176
447
383
333
364
69
148
174
989
845
521
852
647
768
926
765
231
729
21
422
370
968
665
3
500
618
830
70
158
913
940
164
232
810
721
388
824
743
288
197
301
690
908
96
137
73
347
57
52
968
263
75
836
763
454
952
2
889
315
99
591
193
885
135
208
394
207
700
879
924
921
819
978
441
683
959
368
975
256
108
164
215
738
681
888
341
99
679
943
594
665
305
550
16
17
50
204
589
277
43
783
521
485
292
989
226
350
623
690
448
820
996
857
804
669
951
781
301
827
475
490
563
427
575
990
807
456
850
676
618
259
919
390
399
938
777
625
368
471
22
709
711
12
917
670
271
51
556
899
593
231
926
630
990
641
697
57
606
408
373
377
975
608
307
621
703
58
824
357
326
354
744
867
150
43
597
451
819
474
206
491
82
828
376
936
139
185
756
754
175
80
637
223
154
742
168
842
284
31
479
736
341
643
659
513
591
801
741
760
999
914
857
945
409
939
709
599
315
173
927
196
928
413
11
579
434
348
65
833
875
318
513
437
405
739
662
949
845
781
624
608
436
70
59
199
257
474
991
217
147
669
395
901
755
322
854
129
182
365
777
480
381
801
768
654
163
796
786
726
950
230
937
870
216
980
422
679
77
154
414
953
694
540
385
351
809
711
233
261
800
517
822
817
731
691
86
485
276
45
362
533
325
518
554
73
17
725
276
996
779
373
829
797
242
165
532
643
148
600
58
28
993
831
242
8
143
731
17
208
196
217
786
174
94
582
290
537
729
952
285
975
914
700
198
998
725
282
487
512
820
30
596
893
846
107
979
493
961
727
346
39
804
739
526
231
68
742
972
681
304
146
770
409
252
398
440
326
405
815
918
355
477
907
205
110
437
370
808
390
201
917
342
465
964
847
283
618
282
924
507
70
433
953
529
98
610
863
796
119
194
743
52
217
971
659
183
354
339
883
359
674
284
692
303
664
348
161
660
173
810
423
788
589
538
649
62
924
804
58
699
668
421
351
707
552
305
59
425
510
541
487
522
73
441
681
736
476
909
274
295
736
185
593
239
388
35
194
934
673
508
775
45
62
618
917
461
431
970
657
767
5
353
343
40
614
727
639
517
859
855
131
762
160
867
754
801
832
846
48
952
477
122
762
71
213
200
353
392
444
610
695
555
837
911
406
845
332
859
257
474
308
920
118
316
593
970
433
370
620
834
143
934
842
630
879
793
996
271
496
605
274
322
424
6
549
126
399
157
537
314
26
534
587
874
716
562
170
874
86
55
119
201
816
296
770
156
548
609
537
420
177
256
840
3
772
86
923
551
541
370
387
517
970
896
254
307
38
75
337
615
762
448
577
351
513
691
200
167
281
617
651
205
470
483
457
369
450
814
807
903
784
350
730
639
510
668
140
786
266
281
917
294
303
67
483
135
873
577
902
543
317
352
411
706
34
378
668
804
993
104
366
749
664
344
11
363
83
585
345
571
491
356
908
540
692
507
164
870
483
654
205
447
214
871
532
434
186
615
463
89
771
122
521
771
5
469
597
573
103
819
866
456
629
962
704
471
563
770
294
585
777
100
891
595
862
426
903
260
922
961
223
454
528
217
634
190
618
358
438
899
103
678
157
110
64
924
466
83
528
428
316
449
319
314
432
607
207
905
761
793
7
444
854
6
395
468
510
793
469
724
59
491
920
742
176
330
165
957
560
998
198
423
635
345
532
57
383
612
998
961
464
785
29
868
479
959
725
22
822
264
941
73
6
492
189
474
127
521
582
434
629
251
427
467
455
505
215
750
349
724
887
164
38
981
797
494
27
24
864
998
317
208
669
478
181
759
444
516
671
752
392
471
146
472
703
550
966
152
128
966
433
103
114
151
367
350
739
293
290
387
956
374
789
420
835
82
603
908
906
279
594
258
952
697
460
59
462
966
244
519
802
245
331
139
108
231
229
396
752
871
33
709
709
129
481
807
725
121
91
92
947
976
206
665
91
235
554
479
757
603
29
160
880
882
384
690
703
398
212
546
627
110
717
604
494
877
8
39
312
956
348
231
691
711
158
732
958
257
809
475
256
415
968
552
314
290
359
923
741
789
415
692
442
64
437
905
268
561
683
938
718
789
59
268
325
5
366
555
193
848
475
717
648
183
740
652
256
85
114
118
780
432
724
645
794
741
954
608