10000
2
2
3
6
8
9
9
9
10
10
12
13
13
13
15
15
16
17
18
19
20
20
21
21
21
22
22
22
25
25
26
27
28
28
29
31
33
33
33
34
35
35
36
38
39
41
41
44
44
47
47
49
49
50
51
51
51
54
56
56
59
59
60
60
61
61
62
62
63
63
64
69
70
71
72
72
74
77
82
82
82
82
82
84
85
85
86
86
87
88
89
89
89
89
90
90
90
90
91
93
96
96
97
97
100
101
103
105
107
109
113
114
114
116
119
120
121
121
121
122
124
125
125
127
127
128
128
130
131
131
133
133
133
133
134
135
136
136
137
137
138
138
139
140
142
145
146
146
147
148
150
152
152
153
154
154
155
155
156
157
159
159
159
160
160
161
161
163
163
164
164
165
166
167
169
170
170
171
172
173
173
174
175
175
177
177
178
179
182
183
183
185
189
190
190
190
192
196
197
201
201
203
203
204
206
207
208
208
209
209
209
209
211
211
212
212
212
212
213
214
214
214
215
216
216
217
219
220
221
223
224
224
224
226
226
228
228
231
234
234
235
235
235
236
236
237
239
239
240
240
241
244
245
245
245
247
247
248
248
249
249
250
252
252
253
253
256
257
257
257
257
259
260
261
261
262
263
264
265
265
267
268
270
271
271
272
272
273
274
274
274
275
276
277
277
277
278
278
280
282
282
283
284
285
285
286
287
289
289
291
294
298
299
300
300
302
305
307
308
309
309
310
311
312
313
315
315
316
318
319
319
321
321
325
325
326
328
329
330
330
330
330
332
333
335
337
338
339
339
340
341
343
343
343
345
346
346
347
347
348
348
349
349
350
350
350
351
351
352
353
353
359
359
361
361
363
364
366
367
369
372
372
373
377
377
377
378
378
378
381
382
382
384
385
386
386
387
387
389
389
390
392
392
393
394
394
395
397
397
398
400
402
402
403
404
405
406
406
409
410
410
412
413
414
414
417
418
418
418
418
420
420
422
423
423
423
424
424
425
425
425
429
429
431
431
432
432
432
432
433
434
435
436
437
438
439
440
443
445
445
445
446
446
448
455
455
457
457
458
462
462
463
464
466
468
469
469
470
471
471
471
472
472
473
476
478
479
481
481
481
483
484
485
486
486
486
487
488
490
491
492
493
494
495
497
499
500
500
501
501
503
503
504
505
506
506
508
511
512
516
516
516
517
518
520
521
521
524
525
525
525
526
530
531
533
535
538
541
542
545
546
547
550
550
551
551
554
555
557
558
559
559
560
560
562
566
567
568
568
569
571
572
572
573
575
576
578
579
581
582
582
583
584
586
586
588
590
591
593
594
595
597
597
598
600
600
600
601
603
604
604
605
607
607
607
608
609
610
610
612
612
616
616
617
617
618
618
618
618
618
618
619
619
620
622
622
623
623
624
624
625
625
627
629
629
631
631
632
636
636
637
638
638
639
639
640
641
642
644
645
647
647
649
649
650
651
653
655
660
660
661
661
662
663
665
665
667
667
673
673
673
676
676
677
677
678
678
679
680
682
683
685
686
686
688
689
692
692
693
693
695
698
699
701
701
703
704
706
708
709
709
710
711
713
714
714
715
715
715
718
719
719
720
720
721
722
724
724
724
726
726
727
728
731
731
732
733
735
736
737
738
740
741
744
744
745
747
747
748
751
754
754
754
755
755
757
757
758
759
760
760
761
763
763
764
766
767
769
769
771
773
775
777
778
778
781
782
782
782
784
785
785
786
786
786
787
789
793
794
794
794
795
797
798
800
800
802
803
805
808
808
809
810
810
812
815
816
818
818
818
818
819
821
821
822
824
824
825
825
826
826
827
827
829
831
832
834
835
836
836
838
839
841
843
844
844
845
846
849
850
851
852
852
853
853
854
854
855
855
856
856
857
857
858
859
863
864
864
865
866
867
867
870
872
873
873
875
876
876
876
877
877
877
878
878
880
882
882
883
885
885
886
886
888
888
888
888
889
890
892
892
894
898
899
903
903
903
904
906
906
907
908
909
910
911
912
913
913
913
914
916
917
918
924
924
924
925
925
925
929
929
930
936
938
939
939
940
940
940
941
942
943
943
943
944
944
945
947
947
948
951
952
953
953
954
954
954
955
955
956
956
956
957
957
957
960
961
962
963
965
966
966
967
969
970
971
972
972
974
974
975
976
977
977
979
980
980
981
981
982
982
982
982
985
986
986
986
990
991
992
994
995
996
997
997
997
997
998
999
1000
1001
1001
1001
1002
1003
1005
1005
1007
1007
1007
1008
1011
1012
1013
1014
1016
1016
1017
1020
1021
1022
1023
1025
1025
1026
1026
1027
1030
1030
1031
1032
1033
1034
1035
1036
1037
1037
1037
1039
1039
1040
1040
1041
1042
1044
1044
1045
1045
1046
1046
1047
1047
1047
1049
1051
1051
1052
1053
1056
1056
1057
1057
1057
1057
1058
1058
1059
1060
1060
1060
1061
1062
1066
1066
1066
1067
1068
1069
1070
1070
1071
1072
1074
1076
1078
1080
1080
1083
1084
1084
1087
1088
1088
1088
1089
1090
1092
1093
1094
1095
1101
1101
1103
1104
1104
1106
1106
1109
1111
1112
1114
1116
1117
1117
1119
1120
1121
1121
1125
1127
1128
1128
1128
1129
1129
1129
1130
1130
1132
1133
1134
1134
1134
1135
1136
1136
1136
1137
1139
1142
1142
1142
1144
1146
1146
1146
1148
1149
1149
1150
1151
1152
1153
1157
1157
1158
1159
1160
1164
1164
1164
1167
1168
1168
1168
1168
1168
1169
1169
1170
1174
1176
1176
1177
1179
1180
1180
1181
1181
1182
1184
1185
1185
1185
1186
1186
1188
1188
1190
1193
1194
1194
1195
1196
1197
1197
1199
1199
1199
1201
1201
1201
1201
1201
1202
1204
1206
1207
1208
1209
1209
1210
1211
1211
1212
1216
1217
1218
1218
1219
1220
1224
1224
1225
1226
1226
1229
1230
1231
1232
1234
1234
1234
1234
1238
1240
1240
1242
1242
1244
1245
1246
1247
1248
1251
1253
1253
1253
1256
1256
1256
1257
1258
1258
1258
1260
1260
1262
1262
1263
1263
1263
1263
1263
1267
1268
1269
1269
1269
1269
1270
1271
1271
1272
1274
1276
1276
1278
1278
1279
1281
1282
1283
1286
1287
1287
1288
1290
1291
1292
1292
1295
1299
1300
1302
1302
1303
1305
1306
1306
1306
1308
1308
1309
1309
1311
1312
1313
1313
1313
1313
1314
1319
1322
1322
1323
1325
1326
1328
1328
1328
1329
1330
1330
1331
1331
1331
1331
1332
1332
1332
1334
1336
1338
1340
1341
1342
1342
1343
1343
1343
1344
1344
1345
1347
1348
1350
1350
1350
1352
1352
1353
1354
1354
1355
1357
1357
1358
1358
1358
1359
1359
1361
1361
1362
1365
1366
1366
1366
1368
1368
1369
1371
1373
1374
1374
1375
1375
1375
1376
1376
1376
1376
1377
1377
1378
1379
1379
1380
1381
1384
1385
1388
1388
1389
1391
1394
1394
1396
1396
1397
1398
1399
1401
1402
1404
1405
1406
1406
1407
1411
1411
1411
1413
1413
1415
1415
1415
1417
1420
1421
1424
1424
1426
1428
1428
1428
1428
1429
1430
1431
1432
1432
1434
1435
1437
1437
1438
1440
1440
1440
1441
1443
1445
1446
1446
1452
1453
1454
1454
1454
1458
1458
1458
1460
1461
1461
1462
1467
1467
1469
1469
1470
1471
1472
1473
1473
1473
1474
1474
1475
1476
1476
1478
1481
1481
1481
1481
1482
1482
1482
1482
1484
1485
1485
1487
1488
1489
1492
1493
1493
1497
1498
1498
1499
1499
1501
1502
1503
1505
1505
1505
1507
1511
1512
1512
1514
1515
1515
1515
1518
1518
1519
1521
1522
1522
1523
1524
1525
1525
1526
1526
1528
1528
1528
1529
1530
1532
1533
1533
1533
1534
1535
1535
1535
1535
1536
1537
1537
1539
1539
1539
1540
1541
1541
1542
1542
1542
1543
1543
1543
1543
1544
1546
1547
1548
1550
1551
1552
1552
1552
1552
1553
1563
1563
1566
1566
1566
1567
1567
1569
1569
1573
1575
1576
1576
1576
1577
1577
1578
1579
1580
1583
1584
1584
1586
1586
1587
1587
1588
1590
1592
1592
1593
1593
1594
1594
1596
1597
1599
1600
1601
1602
1603
1603
1603
1603
1603
1604
1604
1606
1606
1607
1608
1609
1610
1610
1611
1611
1612
1612
1613
1614
1614
1615
1616
1617
1617
1617
1617
1618
1622
1625
1625
1625
1626
1627
1627
1630
1631
1632
1632
1634
1636
1637
1638
1638
1644
1644
1646
1646
1646
1648
1648
1648
1649
1650
1651
1651
1652
1652
1652
1654
1656
1657
1660
1662
1662
1665
1666
1666
1668
1668
1671
1672
1673
1674
1675
1676
1677
1678
1679
1680
1682
1684
1685
1686
1686
1686
1688
1691
1692
1692
1692
1694
1701
1701
1703
1704
1707
1707
1708
1708
1709
1709
1710
1710
1712
1713
1718
1718
1719
1720
1721
1722
1722
1724
1724
1725
1725
1727
1728
1730
1732
1732
1733
1734
1734
1736
1736
1738
1739
1742
1742
1743
1746
1748
1748
1749
1750
1750
1750
1751
1752
1754
1754
1758
1758
1758
1759
1759
1759
1761
1762
1763
1764
1764
1764
1766
1771
1772
1774
1774
1775
1776
1776
1776
1779
1779
1780
1781
1786
1788
1789
1789
1792
1796
1796
1796
1798
1798
1800
1801
1803
1804
1804
1807
1808
1809
1809
1810
1810
1812
1812
1812
1813
1815
1816
1816
1817
1818
1821
1821
1823
1823
1825
1825
1825
1827
1828
1830
1832
1835
1836
1836
1838
1838
1839
1840
1840
1841
1845
1845
1845
1846
1846
1846
1847
1847
1850
1851
1852
1852
1854
1854
1855
1858
1859
1860
1861
1862
1862
1864
1865
1865
1866
1867
1867
1867
1869
1870
1870
1870
1870
1872
1873
1874
1875
1878
1881
1883
1884
1884
1884
1885
1886
1886
1886
1887
1888
1889
1889
1891
1891
1892
1892
1892
1894
1894
1894
1895
1895
1897
1898
1899
1900
1901
1902
1903
1903
1903
1904
1907
1907
1907
1908
1909
1910
1910
1911
1911
1911
1912
1912
1913
1913
1913
1913
1915
1915
1916
1917
1921
1922
1922
1923
1923
1923
1923
1924
1924
1925
1926
1926
1927
1928
1928
1929
1930
1930
1933
1934
1935
1936
1937
1939
1939
1939
1940
1941
1942
1944
1946
1950
1950
1950
1951
1952
1952
1953
1954
1954
1955
1956
1957
1958
1959
1961
1961
1962
1962
1963
1964
1965
1965
1966
1966
1966
1967
1969
1976
1976
1978
1979
1979
1981
1981
1982
1982
1983
1983
1983
1983
1983
1984
1985
1985
1989
1989
1990
1990
1990
1992
1993
1996
1999
2000
2002
2002
2003
2004
2004
2006
2007
2007
2007
2008
2009
2009
2012
2012
2014
2014
2015
2016
2016
2017
2018
2018
2025
2026
2026
2026
2027
2027
2027
2028
2030
2031
2031
2032
2032
2032
2033
2034
2034
2035
2035
2036
2036
2037
2037
2042
2042
2044
2044
2045
2045
2045
2046
2046
2047
2047
2048
2048
2050
2053
2053
2053
2053
2053
2054
2054
2055
2056
2056
2056
2058
2058
2059
2059
2060
2060
2060
2060
2060
2064
2064
2064
2065
2066
2068
2068
2068
2069
2069
2069
2070
2071
2071
2073
2074
2074
2074
2075
2076
2077
2077
2078
2080
2080
2081
2081
2082
2082
2087
2087
2087
2090
2094
2094
2094
2095
2095
2096
2098
2100
2100
2101
2101
2103
2104
2105
2107
2108
2108
2109
2113
2116
2118
2121
2121
2122
2122
2122
2122
2123
2124
2126
2127
2129
2130
2131
2133
2133
2133
2134
2135
2135
2136
2137
2138
2139
2140
2143
2144
2145
2145
2146
2148
2149
2149
2150
2151
2151
2152
2153
2156
2160
2161
2162
2162
2164
2165
2165
2165
2166
2166
2166
2167
2170
2170
2170
2173
2174
2174
2174
2174
2176
2176
2177
2177
2182
2182
2182
2183
2183
2186
2187
2187
2188
2188
2189
2190
2191
2193
2194
2196
2197
2197
2197
2198
2198
2198
2199
2201
2201
2202
2202
2204
2204
2204
2205
2206
2208
2209
2210
2210
2211
2212
2212
2213
2213
2213
2216
2217
2219
2220
2222
2222
2222
2223
2224
2226
2228
2228
2229
2231
2231
2231
2232
2232
2233
2233
2234
2235
2235
2238
2240
2241
2243
2243
2246
2246
2248
2248
2251
2251
2252
2253
2254
2254
2254
2256
2258
2259
2260
2260
2261
2262
2262
2262
2262
2263
2264
2264
2264
2265
2265
2267
2268
2270
2271
2272
2272
2275
2275
2280
2283
2285
2287
2288
2293
2293
2294
2294
2296
2297
2298
2299
2300
2302
2302
2302
2303
2303
2304
2305
2306
2306
2306
2308
2309
2309
2309
2309
2310
2310
2310
2310
2311
2312
2312
2313
2313
2315
2316
2317
2317
2318
2319
2319
2320
2322
2322
2322
2325
2327
2328
2329
2330
2330
2331
2331
2333
2335
2335
2335
2335
2338
2339
2341
2341
2343
2343
2344
2344
2345
2346
2346
2347
2348
2348
2348
2350
2351
2351
2352
2352
2353
2354
2355
2356
2360
2361
2362
2362
2362
2363
2364
2364
2365
2366
2366
2367
2368
2368
2369
2371
2371
2371
2373
2377
2377
2377
2377
2378
2380
2380
2380
2381
2382
2382
2383
2383
2385
2385
2386
2390
2390
2390
2392
2392
2392
2393
2394
2394
2395
2395
2399
2400
2402
2404
2405
2405
2405
2405
2406
2408
2408
2411
2411
2412
2414
2416
2417
2418
2419
2419
2419
2420
2421
2424
2425
2427
2427
2428
2428
2429
2429
2430
2431
2432
2433
2433
2434
2438
2438
2438
2440
2440
2440
2441
2442
2443
2443
2443
2445
2445
2445
2446
2446
2447
2447
2447
2448
2454
2455
2455
2456
2456
2457
2457
2458
2460
2460
2461
2462
2463
2463
2468
2468
2469
2470
2471
2471
2472
2473
2473
2474
2474
2474
2475
2476
2476
2476
2476
2476
2477
2477
2478
2478
2479
2482
2482
2482
2485
2488
2489
2489
2491
2492
2492
2493
2494
2495
2495
2496
2498
2499
2499
2499
2500
2500
2500
2505
2508
2509
2510
2510
2511
2512
2514
2515
2515
2516
2516
2516
2518
2521
2521
2522
2522
2522
2522
2523
2523
2527
2529
2530
2530
2531
2533
2535
2536
2536
2537
2537
2537
2537
2541
2542
2542
2543
2544
2544
2544
2545
2546
2547
2547
2549
2549
2552
2555
2555
2557
2558
2559
2560
2561
2562
2563
2566
2566
2566
2568
2570
2570
2571
2572
2573
2574
2574
2576
2577
2577
2578
2578
2581
2581
2581
2582
2584
2584
2584
2585
2585
2587
2588
2588
2589
2589
2590
2591
2591
2596
2596
2597
2598
2599
2599
2601
2601
2602
2602
2603
2606
2606
2606
2610
2610
2612
2613
2613
2614
2615
2615
2616
2617
2621
2621
2622
2622
2622
2623
2624
2625
2625
2625
2626
2627
2628
2629
2630
2631
2631
2631
2632
2632
2633
2633
2634
2637
2638
2638
2639
2639
2640
2640
2642
2643
2645
2645
2645
2647
2647
2648
2650
2651
2651
2652
2653
2655
2657
2661
2663
2663
2663
2664
2664
2665
2665
2665
2666
2666
2666
2666
2667
2669
2669
2669
2669
2670
2672
2672
2673
2673
2673
2674
2674
2676
2676
2678
2678
2681
2684
2684
2684
2684
2688
2689
2690
2691
2692
2692
2692
2694
2694
2695
2695
2696
2696
2697
2698
2699
2699
2702
2705
2705
2706
2706
2707
2707
2708
2708
2709
2710
2711
2711
2712
2713
2714
2715
2718
2718
2718
2719
2719
2720
2720
2723
2725
2726
2728
2733
2733
2734
2734
2735
2736
2736
2737
2738
2738
2739
2739
2739
2743
2744
2744
2745
2749
2749
2750
2750
2753
2753
2753
2755
2756
2756
2756
2757
2758
2759
2762
2762
2763
2763
2763
2764
2764
2765
2765
2767
2767
2768
2768
2774
2775
2777
2779
2779
2779
2781
2782
2783
2783
2785
2786
2786
2788
2788
2790
2791
2792
2792
2792
2792
2795
2795
2795
2795
2796
2798
2799
2801
2801
2802
2802
2802
2802
2802
2803
2803
2803
2807
2807
2809
2812
2813
2815
2815
2818
2819
2822
2824
2826
2826
2828
2831
2831
2833
2834
2835
2835
2836
2841
2844
2845
2846
2846
2847
2847
2848
2850
2853
2853
2854
2854
2855
2855
2856
2856
2856
2857
2859
2860
2861
2861
2862
2864
2864
2869
2869
2869
2872
2873
2874
2874
2876
2877
2877
2879
2880
2880
2881
2884
2885
2885
2887
2887
2890
2891
2894
2895
2895
2895
2897
2897
2897
2898
2899
2900
2901
2902
2903
2903
2904
2905
2906
2907
2908
2908
2910
2910
2911
2912
2913
2914
2914
2916
2917
2917
2919
2920
2920
2922
2925
2927
2928
2929
2931
2934
2935
2935
2936
2937
2939
2939
2940
2942
2943
2945
2946
2947
2948
2949
2950
2951
2951
2951
2952
2952
2955
2955
2956
2956
2957
2959
2959
2960
2961
2961
2962
2962
2963
2963
2965
2969
2969
2970
2970
2971
2971
2972
2976
2976
2977
2979
2979
2980
2980
2982
2983
2985
2985
2988
2989
2991
2996
2996
2997
3000
3000
3000
3005
3005
3006
3006
3007
3007
3007
3007
3008
3009
3010
3012
3012
3013
3015
3016
3017
3019
3020
3022
3023
3025
3026
3029
3030
3030
3031
3033
3036
3037
3038
3039
3042
3044
3044
3045
3046
3047
3050
3051
3053
3055
3055
3056
3056
3056
3057
3061
3062
3064
3064
3066
3066
3067
3068
3069
3069
3069
3072
3072
3072
3073
3075
3076
3076
3076
3077
3077
3077
3077
3079
3080
3082
3083
3083
3084
3085
3085
3085
3086
3086
3086
3088
3088
3089
3089
3089
3089
3092
3092
3094
3094
3094
3094
3096
3096
3097
3099
3101
3101
3101
3104
3105
3109
3110
3110
3111
3111
3112
3113
3113
3113
3114
3114
3115
3115
3116
3117
3117
3118
3119
3120
3120
3121
3122
3122
3122
3122
3124
3124
3127
3131
3131
3132
3132
3133
3133
3134
3134
3135
3136
3137
3138
3139
3142
3143
3146
3147
3147
3148
3148
3151
3153
3154
3154
3155
3156
3158
3158
3159
3159
3160
3161
3163
3163
3165
3165
3169
3170
3171
3172
3173
3173
3173
3174
3174
3179
3179
3181
3182
3182
3184
3185
3185
3186
3186
3187
3187
3187
3188
3191
3191
3191
3193
3193
3196
3198
3198
3201
3202
3206
3207
3208
3208
3208
3209
3211
3211
3211
3212
3212
3214
3214
3214
3215
3216
3216
3217
3217
3220
3220
3220
3221
3223
3224
3225
3226
3228
3229
3230
3230
3230
3232
3232
3234
3234
3240
3241
3245
3245
3250
3251
3256
3256
3257
3258
3259
3261
3261
3262
3264
3264
3264
3266
3268
3270
3270
3270
3270
3271
3271
3273
3274
3275
3275
3278
3278
3281
3281
3281
3282
3286
3286
3286
3288
3288
3289
3289
3289
3293
3296
3296
3297
3298
3298
3300
3302
3303
3305
3306
3307
3308
3309
3309
3309
3310
3311
3313
3314
3318
3320
3321
3321
3321
3322
3322
3323
3324
3326
3328
3329
3330
3331
3331
3332
3332
3333
3334
3336
3341
3342
3342
3343
3343
3344
3345
3345
3345
3346
3347
3347
3348
3348
3349
3349
3350
3352
3353
3355
3356
3357
3358
3358
3358
3360
3361
3361
3363
3367
3367
3367
3367
3368
3368
3368
3368
3369
3372
3372
3372
3372
3373
3378
3379
3380
3380
3383
3383
3384
3385
3386
3388
3388
3389
3390
3390
3392
3393
3395
3395
3395
3395
3396
3401
3402
3403
3405
3406
3407
3410
3410
3411
3411
3412
3413
3413
3414
3415
3416
3416
3416
3418
3419
3420
3423
3424
3425
3428
3429
3430
3431
3433
3437
3440
3441
3442
3442
3442
3444
3444
3444
3448
3449
3451
3452
3453
3453
3454
3454
3455
3455
3455
3455
3457
3459
3460
3462
3463
3463
3465
3466
3466
3468
3470
3471
3471
3472
3472
3473
3473
3474
3475
3475
3476
3477
3478
3478
3479
3479
3479
3480
3482
3482
3482
3483
3483
3485
3487
3487
3488
3491
3491
3491
3491
3493
3493
3495
3496
3497
3498
3499
3499
3500
3501
3503
3503
3504
3505
3510
3511
3512
3513
3513
3515
3518
3519
3522
3522
3522
3522
3522
3523
3523
3523
3523
3525
3526
3526
3527
3527
3528
3530
3530
3530
3532
3533
3536
3536
3536
3537
3537
3538
3538
3541
3543
3543
3544
3544
3545
3547
3547
3549
3551
3552
3552
3557
3557
3558
3558
3559
3560
3562
3563
3563
3564
3564
3565
3565
3566
3570
3570
3570
3571
3572
3573
3573
3575
3577
3578
3578
3579
3580
3581
3581
3581
3583
3585
3586
3590
3590
3591
3591
3591
3591
3592
3593
3593
3594
3594
3594
3595
3595
3595
3597
3599
3600
3602
3604
3605
3607
3607
3608
3611
3613
3613
3614
3615
3616
3619
3620
3620
3623
3623
3624
3624
3625
3625
3625
3626
3626
3631
3631
3632
3633
3634
3638
3638
3641
3643
3644
3644
3645
3645
3645
3648
3648
3649
3650
3650
3651
3652
3653
3654
3658
3659
3660
3661
3661
3662
3662
3663
3664
3665
3666
3668
3668
3670
3671
3671
3672
3675
3675
3676
3677
3678
3678
3679
3680
3681
3682
3683
3683
3685
3685
3685
3686
3686
3687
3687
3689
3690
3690
3691
3691
3691
3692
3693
3693
3693
3693
3695
3695
3698
3698
3699
3701
3702
3703
3707
3707
3707
3707
3707
3708
3709
3710
3714
3715
3716
3716
3719
3719
3720
3722
3723
3724
3727
3727
3728
3728
3728
3730
3731
3732
3732
3732
3733
3734
3735
3735
3736
3739
3740
3741
3741
3741
3741
3742
3742
3744
3744
3744
3745
3746
3746
3747
3750
3750
3752
3752
3752
3752
3752
3754
3754
3758
3759
3760
3761
3761
3761
3762
3762
3762
3764
3764
3767
3768
3770
3770
3770
3770
3773
3775
3776
3776
3776
3779
3781
3781
3782
3783
3784
3784
3786
3786
3787
3787
3788
3788
3788
3789
3790
3791
3792
3796
3797
3797
3797
3803
3805
3807
3807
3808
3808
3811
3811
3812
3813
3814
3816
3816
3817
3818
3818
3822
3823
3824
3827
3833
3833
3834
3834
3837
3838
3838
3839
3839
3839
3840
3841
3841
3841
3841
3843
3844
3848
3849
3850
3850
3851
3851
3856
3856
3856
3856
3857
3858
3859
3860
3861
3861
3861
3861
3863
3863
3864
3864
3865
3865
3866
3866
3867
3867
3869
3869
3870
3870
3870
3871
3871
3871
3872
3873
3873
3876
3877
3879
3881
3881
3881
3882
3882
3883
3885
3886
3886
3889
3889
3890
3890
3891
3891
3891
3892
3894
3894
3895
3897
3897
3897
3898
3900
3900
3902
3905
3906
3908
3908
3908
3909
3910
3910
3910
3911
3912
3917
3917
3918
3919
3920
3923
3923
3926
3927
3927
3927
3928
3929
3930
3930
3931
3931
3931
3931
3931
3931
3932
3933
3935
3935
3935
3936
3936
3937
3937
3937
3937
3939
3941
3941
3941
3942
3942
3943
3943
3948
3951
3951
3952
3952
3957
3957
3961
3964
3964
3965
3965
3966
3967
3968
3968
3968
3969
3975
3976
3976
3978
3979
3979
3980
3980
3982
3983
3984
3984
3985
3985
3985
3986
3989
3989
3990
3991
3991
3992
3995
3997
3998
3998
4001
4002
4005
4006
4006
4006
4007
4007
4007
4008
4008
4010
4012
4015
4016
4017
4018
4018
4023
4024
4025
4032
4033
4034
4035
4035
4039
4039
4039
4040
4041
4042
4042
4042
4045
4048
4049
4050
4050
4051
4051
4051
4053
4055
4056
4056
4058
4063
4066
4067
4071
4071
4072
4072
4074
4077
4079
4079
4080
4083
4083
4085
4085
4085
4087
4087
4088
4088
4089
4090
4090
4091
4092
4092
4093
4094
4096
4098
4098
4100
4103
4105
4106
4107
4107
4107
4108
4109
4111
4112
4113
4114
4114
4116
4119
4120
4129
4130
4132
4132
4132
4132
4133
4136
4136
4137
4138
4138
4144
4145
4145
4146
4149
4149
4150
4151
4151
4152
4153
4153
4154
4154
4158
4159
4160
4161
4162
4162
4163
4164
4167
4167
4168
4168
4168
4171
4172
4174
4175
4176
4176
4176
4177
4179
4179
4180
4181
4181
4183
4184
4184
4185
4187
4187
4188
4189
4189
4189
4190
4191
4191
4193
4193
4194
4195
4196
4197
4199
4199
4200
4200
4203
4203
4204
4204
4207
4207
4207
4207
4208
4208
4208
4209
4209
4209
4211
4215
4217
4218
4220
4220
4220
4221
4222
4222
4223
4223
4223
4224
4224
4225
4227
4229
4229
4232
4232
4234
4234
4236
4238
4239
4241
4244
4244
4245
4245
4246
4246
4246
4247
4248
4248
4249
4249
4252
4252
4252
4252
4253
4254
4254
4255
4256
4257
4259
4262
4263
4264
4264
4266
4267
4267
4269
4270
4271
4271
4271
4272
4272
4273
4273
4274
4275
4276
4278
4278
4279
4282
4283
4283
4285
4286
4288
4288
4289
4290
4292
4294
4295
4295
4296
4299
4299
4299
4299
4300
4300
4300
4301
4303
4303
4303
4305
4305
4307
4308
4309
4310
4311
4311
4311
4312
4314
4315
4315
4316
4317
4317
4317
4318
4319
4319
4324
4326
4327
4329
4329
4329
4330
4330
4331
4331
4332
4332
4333
4333
4336
4337
4339
4340
4341
4343
4344
4345
4345
4346
4349
4349
4349
4350
4350
4350
4350
4352
4352
4356
4357
4358
4359
4359
4359
4361
4361
4362
4363
4364
4364
4366
4367
4367
4368
4368
4370
4371
4372
4372
4372
4372
4373
4375
4375
4375
4375
4377
4377
4377
4377
4378
4379
4380
4381
4383
4384
4384
4387
4390
4391
4392
4394
4394
4395
4395
4395
4395
4395
4395
4396
4396
4398
4399
4399
4400
4401
4401
4401
4402
4403
4404
4411
4412
4412
4413
4414
4415
4416
4417
4419
4420
4420
4422
4423
4424
4425
4426
4426
4426
4427
4429
4431
4431
4432
4432
4433
4434
4434
4434
4435
4435
4437
4437
4437
4439
4440
4443
4444
4444
4446
4447
4448
4449
4450
4453
4456
4461
4462
4462
4463
4468
4470
4474
4474
4476
4480
4481
4482
4484
4486
4489
4489
4489
4490
4491
4493
4496
4497
4498
4500
4500
4501
4502
4504
4505
4506
4507
4507
4508
4508
4508
4511
4511
4512
4514
4514
4514
4514
4517
4519
4519
4519
4520
4521
4523
4524
4525
4525
4526
4528
4529
4529
4530
4530
4531
4531
4532
4533
4534
4536
4537
4538
4540
4542
4542
4543
4546
4546
4550
4551
4555
4556
4557
4557
4557
4557
4559
4559
4559
4559
4562
4562
4562
4563
4565
4566
4566
4567
4567
4569
4569
4569
4570
4570
4572
4573
4573
4574
4574
4574
4575
4575
4576
4578
4579
4582
4582
4583
4586
4587
4589
4589
4589
4591
4595
4595
4601
4601
4604
4606
4607
4608
4608
4609
4609
4610
4610
4611
4611
4613
4614
4614
4615
4616
4616
4616
4617
4618
4620
4620
4621
4621
4623
4624
4624
4625
4625
4625
4627
4628
4630
4631
4632
4633
4633
4634
4636
4636
4636
4640
4641
4641
4642
4643
4644
4644
4645
4645
4646
4646
4646
4652
4652
4652
4654
4656
4657
4657
4658
4658
4660
4660
4661
4661
4661
4663
4663
4663
4664
4664
4664
4665
4665
4666
4666
4668
4668
4668
4668
4669
4670
4670
4671
4671
4671
4672
4672
4674
4676
4676
4676
4676
4677
4682
4682
4683
4686
4687
4689
4691
4691
4691
4695
4697
4697
4702
4702
4702
4703
4704
4705
4705
4705
4705
4707
4710
4710
4710
4711
4712
4715
4715
4715
4716
4716
4716
4719
4720
4724
4724
4724
4726
4729
4729
4730
4731
4732
4733
4733
4734
4736
4739
4741
4742
4743
4743
4744
4746
4747
4748
4749
4750
4750
4750
4750
4751
4751
4751
4751
4752
4753
4753
4759
4760
4761
4761
4761
4763
4765
4765
4767
4768
4768
4768
4769
4770
4772
4773
4773
4774
4777
4778
4778
4779
4779
4779
4780
4780
4781
4781
4782
4784
4784
4785
4785
4786
4786
4786
4787
4788
4789
4789
4789
4790
4791
4792
4792
4793
4793
4794
4794
4801
4801
4804
4804
4804
4805
4805
4807
4807
4807
4808
4809
4810
4811
4811
4812
4814
4815
4815
4815
4816
4819
4822
4823
4824
4824
4824
4826
4826
4826
4826
4828
4828
4830
4835
4840
4841
4843
4848
4848
4849
4851
4851
4852
4854
4855
4855
4857
4858
4858
4860
4863
4864
4864
4865
4865
4865
4867
4868
4869
4869
4869
4870
4870
4870
4870
4870
4873
4873
4876
4876
4876
4878
4879
4881
4884
4884
4884
4888
4888
4891
4893
4895
4897
4898
4898
4900
4901
4902
4904
4904
4906
4907
4907
4907
4909
4910
4911
4911
4912
4912
4912
4915
4915
4915
4916
4917
4917
4918
4920
4921
4921
4922
4923
4924
4924
4925
4926
4927
4931
4931
4932
4932
4934
4935
4935
4935
4937
4937
4937
4938
4939
4939
4940
4941
4942
4945
4946
4950
4951
4951
4953
4953
4955
4956
4961
4962
4964
4964
4969
4969
4971
4971
4971
4972
4972
4973
4975
4975
4976
4976
4977
4978
4979
4980
4981
4981
4983
4984
4984
4984
4984
4984
4985
4985
4987
4987
4989
4992
4994
4994
4995
4996
4998
4998
5000
5000
5000
5000
5001
5002
5002
5003
5004
5005
5005
5006
5007
5008
5008
5008
5009
5009
5010
5010
5010
5012
5013
5014
5014
5014
5014
5014
5015
5016
5017
5018
5019
5020
5020
5022
5022
5022
5025
5025
5026
5026
5027
5028
5030
5031
5031
5032
5033
5036
5037
5037
5037
5039
5039
5045
5046
5046
5046
5047
5047
5049
5050
5051
5051
5051
5052
5053
5053
5056
5057
5057
5060
5060
5061
5064
5065
5065
5065
5066
5066
5067
5068
5069
5070
5072
5073
5073
5074
5074
5075
5075
5075
5076
5076
5077
5079
5082
5086
5086
5086
5086
5087
5087
5087
5088
5088
5090
5092
5092
5092
5092
5093
5095
5096
5097
5097
5099
5099
5100
5101
5102
5102
5103
5105
5105
5105
5106
5106
5109
5109
5109
5111
5113
5116
5116
5118
5119
5121
5121
5121
5121
5122
5123
5123
5124
5128
5129
5130
5130
5131
5131
5132
5133
5133
5134
5135
5137
5137
5138
5143
5144
5145
5146
5148
5149
5149
5150
5151
5151
5153
5153
5153
5153
5157
5158
5159
5159
5162
5163
5163
5164
5164
5166
5167
5168
5169
5170
5172
5172
5173
5177
5179
5181
5182
5182
5183
5183
5184
5185
5186
5186
5187
5187
5187
5187
5187
5190
5191
5191
5191
5192
5194
5195
5196
5197
5197
5198
5198
5200
5200
5201
5202
5203
5203
5207
5207
5209
5210
5210
5210
5211
5213
5213
5214
5216
5217
5219
5219
5220
5220
5221
5221
5221
5222
5223
5225
5225
5225
5227
5227
5227
5228
5229
5229
5232
5234
5235
5235
5236
5236
5238
5239
5239
5240
5241
5241
5242
5244
5247
5248
5248
5250
5252
5252
5252
5252
5256
5256
5256
5258
5258
5258
5261
5261
5262
5264
5265
5269
5269
5270
5270
5271
5272
5273
5274
5277
5278
5278
5279
5279
5280
5282
5287
5287
5288
5289
5289
5290
5290
5292
5293
5294
5295
5296
5296
5297
5298
5300
5303
5303
5306
5310
5310
5311
5312
5313
5313
5313
5316
5317
5320
5320
5320
5322
5322
5324
5325
5325
5326
5326
5326
5329
5329
5330
5331
5331
5331
5331
5332
5332
5333
5335
5336
5337
5339
5340
5340
5341
5342
5343
5344
5344
5345
5345
5347
5348
5349
5350
5350
5352
5352
5353
5353
5353
5354
5355
5355
5357
5357
5357
5358
5358
5361
5362
5364
5365
5365
5366
5366
5368
5371
5372
5374
5374
5377
5378
5378
5379
5380
5381
5383
5385
5385
5386
5386
5387
5390
5391
5391
5392
5394
5395
5395
5395
5396
5398
5399
5400
5400
5401
5401
5401
5402
5402
5403
5403
5403
5405
5405
5405
5406
5406
5408
5410
5411
5412
5414
5414
5414
5416
5417
5418
5419
5420
5420
5420
5420
5422
5423
5423
5424
5426
5427
5428
5429
5429
5429
5430
5432
5432
5435
5435
5435
5437
5438
5439
5440
5442
5443
5444
5445
5446
5446
5446
5447
5448
5449
5450
5451
5453
5454
5456
5456
5458
5459
5459
5460
5460
5462
5462
5462
5463
5467
5469
5469
5470
5470
5470
5470
5472
5473
5476
5476
5477
5477
5478
5478
5479
5480
5481
5482
5484
5484
5484
5484
5485
5486
5486
5487
5487
5488
5488
5488
5489
5489
5489
5496
5499
5499
5500
5500
5500
5501
5503
5504
5504
5505
5507
5508
5510
5510
5511
5511
5512
5512
5513
5514
5516
5519
5521
5522
5523
5523
5525
5526
5526
5528
5530
5530
5531
5531
5532
5532
5534
5534
5535
5535
5535
5536
5538
5542
5542
5543
5543
5543
5546
5550
5550
5551
5552
5554
5554
5555
5559
5559
5562
5562
5563
5563
5564
5564
5565
5565
5566
5566
5567
5567
5567
5568
5570
5570
5570
5570
5572
5572
5573
5573
5573
5574
5575
5576
5576
5577
5578
5579
5579
5580
5580
5582
5583
5584
5584
5585
5590
5590
5591
5591
5592
5593
5593
5594
5596
5596
5597
5597
5597
5598
5598
5599
5599
5599
5600
5601
5602
5602
5603
5604
5604
5606
5606
5607
5609
5614
5615
5615
5617
5617
5618
5619
5620
5620
5621
5623
5624
5625
5627
5631
5631
5632
5632
5633
5633
5634
5635
5637
5641
5644
5644
5644
5644
5646
5651
5652
5652
5653
5653
5653
5655
5655
5656
5657
5658
5659
5659
5664
5665
5667
5668
5669
5669
5670
5670
5672
5673
5673
5673
5674
5674
5674
5674
5678
5679
5680
5681
5685
5685
5685
5686
5687
5687
5689
5691
5692
5693
5694
5694
5694
5695
5696
5696
5698
5698
5699
5700
5701
5702
5702
5702
5702
5704
5706
5707
5709
5709
5711
5711
5713
5713
5718
5719
5721
5722
5724
5725
5727
5727
5727
5727
5729
5730
5731
5732
5733
5735
5737
5737
5740
5740
5747
5748
5748
5751
5751
5752
5753
5753
5754
5754
5755
5756
5758
5761
5761
5763
5764
5765
5766
5766
5767
5767
5768
5769
5769
5771
5771
5772
5772
5778
5781
5781
5782
5782
5783
5783
5784
5785
5785
5787
5787
5787
5788
5788
5788
5789
5789
5790
5791
5792
5793
5794
5794
5795
5796
5796
5797
5797
5798
5798
5799
5800
5801
5801
5801
5803
5803
5803
5804
5810
5811
5811
5812
5814
5817
5818
5821
5821
5822
5822
5823
5825
5825
5827
5828
5828
5829
5829
5831
5832
5832
5833
5834
5837
5838
5839
5839
5841
5841
5841
5842
5846
5847
5847
5847
5848
5849
5849
5850
5851
5852
5854
5854
5855
5856
5858
5859
5859
5863
5863
5865
5865
5867
5867
5870
5871
5875
5875
5876
5877
5878
5878
5881
5881
5882
5884
5884
5885
5885
5885
5886
5888
5889
5890
5891
5891
5891
5893
5894
5895
5896
5896
5896
5897
5899
5900
5902
5902
5902
5904
5904
5906
5907
5907
5908
5910
5910
5911
5913
5914
5915
5916
5917
5919
5919
5920
5920
5921
5922
5922
5923
5926
5928
5928
5929
5929
5929
5930
5930
5930
5931
5933
5935
5936
5936
5937
5937
5939
5940
5941
5943
5947
5948
5949
5949
5949
5953
5954
5954
5957
5957
5958
5959
5959
5960
5961
5962
5962
5963
5964
5965
5965
5966
5966
5966
5966
5967
5967
5967
5967
5967
5970
5970
5970
5971
5971
5973
5975
5976
5976
5977
5978
5979
5979
5979
5982
5982
5985
5988
5989
5990
5990
5990
5993
5993
5993
5995
5996
5996
5998
5999
5999
6002
6002
6004
6007
6008
6008
6010
6010
6011
6011
6012
6012
6012
6014
6014
6014
6018
6018
6018
6018
6019
6020
6020
6021
6021
6022
6022
6023
6025
6026
6027
6027
6028
6029
6032
6032
6032
6033
6033
6036
6036
6038
6038
6041
6041
6042
6043
6043
6046
6046
6048
6050
6051
6054
6056
6056
6056
6057
6058
6058
6058
6059
6060
6060
6062
6062
6064
6066
6067
6067
6069
6070
6070
6071
6074
6074
6074
6075
6075
6075
6076
6078
6082
6082
6083
6083
6083
6084
6085
6085
6086
6086
6088
6088
6089
6090
6091
6091
6092
6093
6096
6098
6100
6102
6102
6102
6103
6104
6105
6108
6109
6111
6111
6112
6115
6117
6117
6118
6118
6119
6120
6121
6122
6122
6124
6126
6127
6129
6130
6132
6133
6134
6136
6137
6139
6139
6140
6145
6145
6145
6146
6149
6150
6150
6151
6152
6153
6153
6157
6157
6159
6159
6159
6160
6161
6162
6163
6164
6164
6170
6170
6172
6175
6177
6178
6182
6182
6183
6183
6183
6184
6185
6186
6186
6186
6188
6188
6188
6189
6191
6191
6192
6192
6193
6194
6194
6195
6195
6197
6197
6200
6200
6201
6202
6203
6205
6206
6206
6207
6210
6210
6213
6215
6215
6218
6219
6219
6220
6221
6222
6223
6225
6225
6228
6228
6229
6229
6230
6231
6231
6233
6234
6235
6235
6237
6238
6238
6240
6240
6240
6241
6244
6245
6245
6247
6247
6247
6250
6251
6251
6257
6259
6260
6260
6261
6263
6264
6266
6267
6267
6267
6268
6269
6270
6271
6272
6272
6275
6275
6275
6276
6276
6277
6278
6278
6279
6281
6281
6281
6284
6286
6286
6287
6287
6287
6289
6290
6291
6292
6292
6293
6295
6296
6297
6298
6300
6301
6301
6304
6304
6305
6306
6307
6307
6307
6308
6309
6313
6313
6313
6315
6315
6315
6316
6317
6317
6318
6321
6322
6324
6325
6325
6326
6327
6328
6329
6333
6334
6335
6337
6337
6338
6339
6341
6342
6343
6343
6344
6346
6347
6350
6352
6352
6353
6354
6354
6355
6357
6358
6359
6359
6359
6359
6360
6360
6360
6363
6363
6363
6364
6368
6368
6368
6369
6370
6371
6377
6381
6382
6384
6384
6385
6385
6386
6387
6389
6390
6390
6392
6394
6395
6396
6397
6399
6400
6400
6401
6402
6407
6407
6407
6410
6412
6413
6415
6415
6415
6416
6416
6419
6420
6422
6422
6423
6424
6426
6428
6428
6432
6433
6433
6436
6438
6439
6439
6440
6441
6442
6443
6443
6448
6448
6450
6455
6455
6455
6456
6456
6456
6456
6458
6459
6459
6459
6460
6461
6461
6462
6462
6466
6467
6468
6469
6470
6472
6473
6473
6473
6474
6475
6477
6478
6479
6479
6480
6482
6484
6484
6484
6484
6486
6487
6487
6488
6488
6489
6490
6492
6492
6493
6493
6493
6494
6496
6496
6497
6497
6499
6499
6499
6499
6499
6500
6501
6502
6503
6503
6504
6505
6505
6505
6505
6506
6507
6507
6508
6509
6510
6510
6510
6511
6512
6512
6513
6514
6514
6514
6514
6516
6517
6520
6524
6527
6528
6530
6532
6532
6532
6533
6533
6534
6535
6536
6537
6540
6544
6546
6548
6548
6549
6550
6551
6553
6553
6553
6557
6559
6560
6561
6562
6562
6562
6563
6563
6564
6565
6565
6565
6566
6566
6567
6570
6570
6573
6573
6575
6576
6576
6577
6578
6578
6579
6581
6581
6582
6582
6583
6583
6584
6587
6587
6588
6588
6588
6590
6590
6592
6592
6592
6594
6594
6594
6595
6597
6598
6598
6598
6600
6601
6603
6604
6605
6605
6607
6607
6609
6610
6612
6612
6613
6613
6615
6616
6616
6618
6619
6620
6622
6626
6627
6629
6630
6632
6633
6633
6635
6638
6639
6639
6639
6640
6641
6642
6643
6643
6644
6645
6645
6646
6646
6646
6646
6647
6648
6649
6651
6652
6653
6654
6654
6655
6656
6656
6659
6660
6660
6663
6664
6664
6666
6667
6667
6667
6671
6675
6675
6675
6676
6676
6676
6678
6679
6679
6680
6680
6680
6680
6682
6682
6683
6684
6689
6689
6690
6690
6691
6691
6692
6693
6698
6698
6701
6703
6703
6703
6703
6705
6707
6708
6709
6712
6716
6718
6719
6719
6719
6719
6721
6721
6723
6723
6723
6723
6724
6725
6725
6726
6727
6727
6727
6728
6729
6729
6729
6731
6731
6732
6735
6740
6742
6743
6744
6744
6748
6748
6750
6750
6750
6750
6750
6753
6753
6753
6754
6755
6758
6760
6762
6763
6763
6765
6766
6767
6769
6770
6773
6773
6773
6774
6776
6776
6776
6783
6785
6787
6788
6789
6789
6791
6792
6793
6794
6794
6794
6795
6798
6799
6800
6801
6801
6801
6802
6802
6803
6803
6803
6806
6807
6807
6807
6807
6810
6812
6814
6814
6815
6817
6818
6820
6820
6822
6825
6825
6826
6826
6827
6827
6829
6829
6830
6831
6831
6833
6833
6836
6837
6838
6838
6839
6841
6843
6844
6845
6846
6846
6846
6847
6849
6854
6854
6855
6856
6856
6860
6860
6860
6861
6861
6862
6862
6863
6865
6866
6866
6868
6869
6869
6869
6871
6871
6871
6873
6874
6875
6877
6877
6877
6877
6878
6879
6880
6880
6881
6881
6882
6882
6884
6884
6884
6886
6887
6887
6887
6888
6888
6890
6890
6893
6894
6900
6901
6903
6903
6904
6906
6906
6909
6910
6910
6913
6913
6915
6916
6919
6919
6922
6924
6925
6926
6926
6928
6930
6931
6931
6932
6933
6934
6936
6936
6936
6937
6937
6937
6938
6939
6940
6941
6941
6942
6944
6945
6945
6948
6951
6952
6952
6952
6953
6953
6953
6954
6955
6955
6956
6956
6957
6958
6959
6960
6960
6962
6963
6964
6964
6965
6967
6967
6968
6968
6969
6970
6972
6972
6976
6976
6976
6979
6980
6980
6980
6981
6981
6982
6983
6983
6984
6984
6985
6986
6987
6988
6989
6991
6994
6995
6997
6997
7000
7000
7001
7001
7001
7003
7003
7004
7005
7005
7007
7008
7008
7009
7009
7011
7011
7014
7015
7015
7016
7016
7019
7021
7021
7022
7023
7025
7026
7027
7028
7029
7032
7032
7033
7034
7035
7035
7037
7037
7038
7040
7040
7042
7042
7046
7047
7047
7048
7048
7049
7050
7051
7053
7054
7054
7055
7055
7056
7057
7059
7059
7060
7063
7063
7064
7067
7067
7068
7068
7069
7076
7076
7078
7078
7078
7079
7079
7081
7081
7082
7084
7085
7085
7086
7087
7087
7088
7089
7089
7090
7091
7092
7092
7093
7093
7095
7095
7095
7102
7104
7105
7110
7110
7111
7112
7113
7114
7114
7114
7117
7117
7118
7118
7118
7119
7119
7120
7120
7122
7123
7124
7124
7124
7126
7126
7126
7127
7127
7128
7128
7129
7130
7130
7131
7132
7133
7133
7133
7136
7137
7138
7138
7140
7141
7142
7145
7145
7146
7146
7148
7149
7151
7153
7154
7154
7155
7155
7158
7159
7160
7161
7161
7162
7162
7163
7165
7165
7165
7166
7171
7171
7172
7174
7174
7176
7177
7178
7179
7181
7181
7182
7182
7184
7184
7185
7188
7189
7189
7190
7192
7192
7193
7194
7195
7195
7195
7195
7196
7197
7198
7199
7201
7203
7203
7204
7204
7204
7205
7205
7206
7206
7208
7209
7210
7210
7210
7212
7213
7216
7216
7218
7220
7220
7221
7222
7223
7223
7223
7224
7225
7225
7226
7226
7226
7227
7228
7229
7230
7230
7231
7233
7233
7233
7234
7234
7235
7235
7236
7237
7238
7239
7240
7240
7241
7243
7245
7246
7246
7246
7246
7248
7248
7250
7251
7251
7252
7252
7257
7259
7262
7262
7264
7265
7265
7265
7267
7269
7270
7270
7271
7272
7277
7278
7278
7279
7280
7280
7283
7283
7283
7284
7285
7287
7290
7290
7291
7293
7294
7294
7296
7297
7299
7302
7302
7302
7303
7303
7304
7306
7306
7306
7307
7307
7307
7308
7308
7308
7308
7308
7308
7308
7308
7310
7313
7313
7314
7315
7315
7317
7317
7318
7318
7319
7319
7319
7319
7321
7321
7323
7324
7324
7325
7325
7327
7329
7330
7331
7332
7334
7334
7336
7337
7337
7338
7339
7339
7339
7342
7342
7342
7344
7344
7344
7345
7346
7347
7347
7350
7351
7352
7352
7352
7352
7355
7355
7356
7358
7358
7358
7358
7359
7359
7360
7362
7363
7363
7364
7364
7364
7364
7364
7365
7366
7367
7368
7369
7371
7371
7373
7375
7376
7377
7378
7379
7379
7379
7380
7382
7384
7384
7386
7387
7388
7390
7393
7395
7399
7402
7403
7405
7405
7406
7407
7408
7409
7411
7411
7412
7412
7413
7413
7415
7415
7417
7417
7418
7419
7419
7421
7421
7421
7423
7423
7424
7424
7425
7426
7426
7427
7428
7429
7429
7430
7430
7431
7433
7436
7437
7438
7438
7438
7440
7440
7441
7444
7445
7446
7447
7450
7451
7453
7453
7453
7454
7455
7457
7457
7458
7458
7459
7459
7462
7463
7465
7465
7467
7468
7468
7471
7472
7473
7474
7474
7474
7475
7475
7475
7475
7475
7476
7479
7480
7481
7483
7484
7485
7486
7486
7487
7487
7488
7488
7489
7489
7490
7491
7492
7492
7495
7496
7497
7498
7498
7499
7500
7500
7500
7501
7501
7502
7503
7504
7505
7505
7506
7506
7507
7507
7507
7509
7509
7509
7510
7510
7510
7512
7512
7514
7515
7515
7516
7518
7518
7519
7520
7520
7521
7522
7522
7524
7525
7525
7528
7532
7532
7533
7535
7535
7535
7536
7539
7540
7541
7541
7542
7543
7545
7546
7546
7546
7547
7549
7549
7551
7551
7552
7553
7553
7554
7554
7554
7555
7558
7559
7560
7563
7563
7564
7564
7566
7566
7567
7569
7575
7575
7577
7578
7579
7581
7584
7588
7589
7589
7590
7591
7592
7593
7594
7594
7595
7596
7597
7597
7598
7598
7598
7598
7599
7600
7601
7601
7603
7603
7603
7606
7609
7609
7609
7610
7610
7612
7613
7613
7614
7621
7621
7626
7627
7628
7631
7631
7632
7632
7633
7633
7634
7635
7637
7638
7639
7639
7640
7640
7642
7642
7644
7644
7645
7646
7646
7647
7647
7649
7650
7651
7652
7656
7658
7658
7658
7658
7662
7663
7663
7664
7667
7668
7669
7669
7669
7673
7673
7674
7675
7678
7678
7678
7679
7680
7680
7682
7684
7684
7684
7684
7686
7687
7689
7691
7693
7693
7694
7694
7695
7696
7696
7698
7698
7698
7699
7699
7701
7702
7704
7704
7705
7705
7706
7707
7709
7709
7709
7710
7710
7710
7713
7713
7719
7719
7721
7722
7722
7723
7724
7724
7725
7728
7729
7730
7732
7734
7734
7734
7736
7736
7737
7737
7737
7738
7738
7740
7742
7742
7742
7743
7744
7745
7745
7745
7745
7747
7748
7749
7749
7750
7755
7755
7760
7760
7760
7761
7762
7763
7765
7766
7767
7770
7771
7771
7773
7774
7776
7777
7777
7778
7778
7779
7779
7780
7780
7782
7782
7785
7786
7786
7787
7789
7790
7791
7793
7793
7793
7794
7794
7799
7801
7802
7802
7804
7805
7806
7807
7807
7807
7807
7808
7809
7809
7809
7812
7812
7812
7816
7817
7817
7818
7818
7820
7823
7824
7824
7826
7828
7828
7828
7829
7829
7830
7835
7836
7838
7839
7839
7840
7841
7841
7842
7843
7844
7845
7846
7847
7847
7850
7851
7852
7854
7854
7855
7856
7856
7857
7860
7860
7860
7860
7865
7865
7865
7865
7865
7869
7869
7870
7871
7872
7872
7872
7875
7876
7877
7878
7879
7879
7880
7880
7882
7882
7882
7883
7884
7885
7887
7887
7887
7888
7889
7889
7889
7891
7891
7892
7893
7894
7898
7899
7899
7900
7901
7901
7901
7903
7904
7904
7904
7907
7909
7909
7909
7911
7912
7913
7915
7916
7918
7919
7919
7919
7920
7920
7923
7923
7923
7924
7924
7924
7925
7926
7926
7928
7929
7932
7932
7936
7939
7941
7943
7945
7946
7946
7947
7948
7949
7951
7951
7952
7953
7953
7954
7954
7954
7958
7959
7960
7960
7960
7960
7961
7962
7963
7964
7966
7966
7966
7968
7968
7969
7969
7971
7973
7973
7974
7974
7974
7974
7976
7976
7977
7977
7977
7978
7979
7982
7987
7987
7987
7988
7989
7994
7994
7995
7995
7995
7995
7996
7997
7998
7998
8001
8001
8002
8002
8003
8006
8006
8006
8006
8007
8007
8007
8007
8007
8008
8010
8011
8011
8012
8012
8013
8015
8015
8016
8017
8019
8020
8025
8027
8028
8028
8030
8030
8031
8031
8032
8032
8033
8033
8036
8036
8036
8037
8038
8038
8038
8038
8040
8040
8045
8046
8046
8046
8046
8047
8047
8048
8048
8048
8050
8050
8050
8051
8051
8052
8056
8057
8058
8058
8060
8060
8060
8060
8061
8062
8064
8065
8068
8070
8070
8073
8073
8074
8075
8077
8077
8078
8080
8081
8081
8081
8081
8082
8082
8083
8085
8085
8086
8087
8089
8090
8094
8097
8098
8099
8100
8100
8101
8101
8102
8103
8104
8105
8105
8106
8106
8106
8108
8108
8110
8112
8112
8112
8113
8115
8115
8117
8119
8120
8121
8121
8122
8123
8123
8124
8125
8128
8128
8128
8128
8130
8130
8130
8131
8131
8132
8133
8134
8135
8135
8137
8138
8140
8140
8140
8142
8142
8144
8145
8146
8146
8148
8149
8150
8151
8153
8153
8157
8158
8158
8159
8159
8160
8162
8163
8165
8165
8168
8170
8170
8171
8171
8172
8173
8174
8174
8176
8178
8178
8178
8182
8183
8184
8184
8188
8190
8191
8194
8194
8194
8194
8195
8196
8197
8198
8200
8203
8203
8204
8205
8206
8207
8209
8209
8210
8212
8212
8214
8215
8215
8216
8217
8218
8219
8220
8220
8221
8221
8222
8222
8223
8224
8224
8225
8225
8225
8226
8227
8227
8227
8229
8229
8229
8230
8231
8232
8232
8232
8233
8234
8236
8236
8238
8241
8241
8242
8244
8245
8246
8246
8248
8248
8249
8249
8251
8251
8252
8254
8255
8255
8258
8259
8262
8262
8262
8264
8264
8264
8265
8265
8265
8266
8267
8267
8268
8272
8272
8273
8276
8277
8278
8278
8280
8280
8282
8285
8288
8288
8288
8288
8290
8290
8291
8291
8294
8296
8298
8304
8305
8305
8306
8309
8309
8311
8312
8313
8317
8318
8319
8319
8319
8320
8320
8320
8321
8321
8321
8322
8322
8322
8323
8324
8325
8326
8326
8330
8332
8332
8332
8333
8335
8335
8337
8338
8339
8341
8343
8346
8347
8347
8348
8348
8348
8349
8350
8352
8353
8355
8355
8355
8355
8356
8357
8360
8361
8362
8363
8363
8363
8364
8364
8364
8365
8371
8372
8372
8373
8373
8373
8374
8376
8376
8378
8379
8380
8382
8382
8382
8383
8383
8384
8385
8385
8386
8390
8390
8391
8391
8392
8393
8393
8394
8394
8395
8395
8396
8398
8400
8400
8400
8402
8403
8404
8406
8407
8407
8408
8409
8409
8411
8411
8414
8417
8418
8418
8419
8421
8422
8422
8424
8424
8424
8425
8425
8427
8427
8427
8428
8430
8432
8432
8434
8434
8434
8435
8436
8437
8437
8438
8439
8439
8440
8440
8440
8440
8441
8442
8442
8444
8447
8449
8449
8450
8450
8450
8451
8451
8451
8451
8451
8452
8453
8453
8456
8456
8458
8458
8460
8460
8460
8462
8463
8463
8463
8464
8465
8466
8466
8466
8466
8470
8470
8472
8473
8473
8475
8475
8479
8479
8479
8483
8485
8485
8486
8486
8487
8487
8489
8490
8491
8491
8492
8497
8498
8499
8499
8500
8501
8501
8501
8501
8502
8502
8503
8503
8504
8505
8506
8508
8510
8510
8510
8511
8511
8512
8512
8513
8514
8517
8518
8518
8518
8520
8521
8521
8522
8522
8525
8528
8533
8533
8534
8535
8536
8537
8537
8538
8540
8540
8542
8544
8545
8546
8546
8548
8551
8551
8552
8555
8560
8561
8561
8562
8562
8563
8566
8568
8569
8571
8571
8572
8573
8573
8574
8576
8577
8578
8578
8579
8579
8580
8581
8581
8582
8583
8584
8585
8586
8586
8587
8588
8589
8589
8589
8590
8594
8594
8597
8602
8602
8604
8606
8606
8606
8607
8608
8609
8609
8609
8610
8611
8611
8612
8612
8613
8614
8614
8615
8616
8618
8619
8620
8620
8620
8621
8622
8624
8624
8625
8626
8627
8627
8629
8632
8633
8633
8634
8634
8635
8638
8638
8639
8639
8640
8641
8644
8645
8647
8647
8648
8649
8650
8651
8652
8652
8656
8658
8659
8661
8664
8668
8670
8670
8672
8672
8674
8674
8674
8674
8675
8679
8679
8679
8681
8682
8683
8683
8683
8683
8684
8684
8685
8686
8686
8686
8686
8688
8689
8692
8693
8693
8693
8695
8696
8697
8697
8699
8700
8701
8701
8703
8705
8706
8707
8708
8709
8710
8710
8713
8713
8714
8717
8717
8718
8721
8722
8723
8724
8725
8727
8728
8730
8730
8731
8731
8733
8735
8735
8737
8741
8743
8744
8745
8750
8750
8751
8752
8754
8754
8754
8755
8755
8755
8756
8757
8758
8759
8759
8762
8763
8764
8765
8769
8769
8772
8772
8772
8775
8776
8777
8777
8778
8778
8780
8780
8780
8782
8782
8785
8785
8786
8787
8790
8792
8792
8793
8793
8795
8796
8796
8796
8797
8799
8799
8799
8800
8800
8800
8800
8801
8802
8805
8807
8807
8807
8808
8808
8808
8809
8810
8813
8814
8816
8816
8816
8816
8817
8818
8818
8819
8820
8820
8821
8822
8823
8823
8824
8825
8826
8827
8828
8828
8829
8829
8831
8832
8832
8833
8836
8837
8838
8838
8839
8841
8844
8844
8844
8844
8845
8845
8846
8846
8848
8848
8852
8852
8854
8854
8855
8856
8856
8858
8859
8860
8861
8862
8864
8864
8866
8867
8867
8868
8874
8875
8876
8877
8877
8879
8880
8881
8881
8881
8881
8882
8883
8884
8885
8886
8886
8886
8888
8889
8890
8890
8891
8892
8892
8892
8894
8896
8898
8898
8899
8900
8901
8902
8903
8906
8907
8910
8911
8912
8915
8916
8920
8921
8921
8923
8923
8926
8928
8930
8932
8933
8933
8935
8939
8940
8940
8940
8942
8942
8942
8943
8944
8944
8945
8946
8950
8951
8951
8951
8953
8955
8956
8958
8958
8958
8960
8962
8964
8965
8965
8967
8967
8968
8970
8974
8975
8976
8977
8977
8978
8979
8981
8983
8984
8985
8985
8986
8988
8988
8988
8992
8995
8998
8999
9000
9000
9002
9003
9005
9007
9007
9010
9013
9016
9016
9017
9018
9018
9018
9019
9019
9022
9024
9025
9025
9026
9027
9027
9028
9030
9030
9034
9036
9037
9037
9037
9039
9042
9042
9043
9044
9044
9045
9046
9046
9047
9049
9049
9051
9052
9052
9053
9053
9053
9054
9055
9061
9062
9063
9063
9064
9065
9066
9067
9069
9070
9070
9071
9071
9072
9073
9073
9074
9076
9076
9076
9077
9078
9080
9082
9083
9083
9084
9084
9089
9090
9090
9091
9091
9091
9091
9094
9094
9098
9099
9101
9102
9103
9104
9105
9108
9108
9111
9113
9114
9114
9115
9116
9116
9117
9117
9120
9120
9121
9121
9122
9122
9122
9124
9125
9125
9127
9128
9129
9130
9130
9130
9133
9133
9134
9135
9135
9136
9137
9139
9140
9141
9142
9144
9144
9144
9147
9149
9150
9152
9156
9156
9157
9157
9158
9159
9159
9161
9162
9162
9162
9162
9162
9163
9164
9164
9164
9166
9169
9169
9172
9172
9172
9173
9173
9174
9175
9177
9178
9181
9182
9184
9185
9185
9186
9186
9186
9188
9188
9189
9191
9195
9195
9195
9195
9197
9198
9199
9201
9201
9202
9204
9205
9206
9206
9207
9208
9208
9209
9209
9211
9212
9214
9214
9215
9217
9219
9220
9221
9221
9221
9221
9223
9223
9224
9224
9226
9227
9228
9229
9229
9230
9230
9232
9233
9235
9236
9237
9238
9240
9243
9244
9244
9244
9245
9246
9247
9248
9249
9249
9251
9252
9252
9253
9255
9256
9256
9257
9258
9259
9261
9262
9266
9266
9266
9268
9268
9269
9270
9270
9271
9272
9274
9274
9274
9274
9277
9277
9278
9278
9279
9280
9280
9282
9283
9285
9286
9287
9288
9290
9290
9291
9293
9293
9294
9294
9295
9296
9297
9300
9300
9301
9302
9303
9303
9303
9304
9305
9305
9306
9306
9306
9308
9308
9308
9310
9310
9311
9311
9312
9314
9315
9315
9315
9316
9316
9319
9319
9319
9319
9320
9320
9320
9320
9321
9322
9322
9323
9326
9328
9331
9331
9332
9332
9334
9335
9339
9339
9339
9339
9341
9341
9345
9345
9346
9347
9347
9348
9348
9348
9349
9350
9350
9352
9353
9353
9353
9354
9355
9356
9356
9358
9358
9358
9360
9361
9361
9363
9364
9366
9368
9368
9370
9371
9371
9374
9375
9375
9378
9379
9380
9380
9381
9382
9382
9383
9385
9385
9388
9389
9390
9390
9391
9391
9393
9394
9395
9396
9396
9396
9396
9396
9397
9397
9397
9397
9399
9401
9403
9403
9405
9408
9409
9410
9413
9414
9414
9414
9414
9414
9415
9416
9419
9420
9422
9423
9423
9423
9424
9424
9425
9425
9425
9425
9426
9427
9427
9428
9429
9429
9430
9434
9435
9435
9435
9437
9437
9439
9439
9440
9440
9440
9442
9442
9443
9444
9444
9444
9447
9447
9449
9449
9450
9450
9452
9452
9453
9457
9457
9457
9458
9458
9458
9459
9459
9461
9461
9463
9463
9463
9463
9464
9464
9464
9465
9465
9465
9465
9466
9469
9469
9469
9469
9469
9470
9472
9472
9472
9473
9475
9475
9476
9477
9477
9477
9478
9478
9479
9479
9479
9479
9480
9481
9485
9487
9487
9489
9490
9490
9491
9494
9495
9496
9499
9499
9500
9500
9500
9502
9502
9502
9504
9504
9504
9505
9506
9507
9509
9510
9511
9511
9513
9513
9513
9514
9514
9514
9516
9517
9518
9518
9520
9520
9521
9523
9524
9526
9527
9528
9528
9530
9531
9531
9531
9533
9533
9534
9535
9535
9536
9538
9539
9540
9540
9541
9542
9542
9545
9545
9546
9546
9547
9547
9548
9548
9548
9549
9549
9553
9555
9555
9556
9556
9560
9562
9564
9565
9565
9566
9567
9568
9568
9569
9569
9570
9571
9571
9571
9572
9573
9574
9575
9575
9575
9575
9576
9578
9579
9579
9579
9579
9582
9584
9585
9588
9588
9589
9590
9591
9591
9592
9592
9592
9592
9592
9595
9595
9597
9598
9598
9599
9600
9601
9602
9602
9604
9605
9606
9608
9609
9613
9614
9614
9615
9616
9618
9620
9622
9623
9624
9624
9625
9625
9626
9627
9628
9628
9629
9629
9630
9630
9631
9633
9633
9634
9635
9636
9637
9637
9638
9638
9639
9639
9640
9643
9643
9644
9645
9645
9646
9646
9647
9647
9648
9649
9650
9652
9654
9655
9655
9657
9668
9668
9668
9668
9670
9670
9672
9673
9674
9676
9677
9677
9678
9679
9680
9680
9680
9680
9681
9682
9683
9683
9685
9685
9685
9686
9687
9687
9690
9691
9691
9695
9699
9699
9699
9699
9699
9701
9701
9702
9702
9703
9705
9705
9706
9706
9708
9709
9709
9709
9710
9710
9710
9711
9711
9711
9713
9716
9716
9717
9717
9717
9717
9718
9719
9720
9720
9724
9727
9728
9728
9729
9729
9731
9731
9732
9732
9732
9734
9738
9738
9738
9741
9743
9743
9743
9744
9746
9749
9749
9750
9755
9756
9756
9758
9759
9760
9761
9761
9761
9762
9763
9764
9765
9766
9766
9767
9771
9771
9773
9774
9774
9774
9780
9780
9781
9781
9782
9784
9788
9788
9789
9789
9789
9789
9789
9791
9791
9791
9791
9794
9795
9796
9798
9799
9800
9800
9806
9807
9807
9807
9809
9809
9811
9811
9812
9814
9815
9816
9817
9818
9820
9821
9823
9823
9825
9826
9827
9827
9827
9827
9828
9829
9829
9830
9832
9832
9833
9834
9834
9837
9837
9837
9837
9838
9838
9839
9839
9839
9839
9840
9842
9842
9842
9843
9843
9844
9846
9848
9848
9849
9850
9851
9852
9852
9854
9854
9855
9856
9856
9856
9857
9858
9859
9860
9863
9863
9864
9865
9866
9868
9869
9872
9872
9873
9873
9877
9879
9882
9883
9883
9884
9885
9886
9886
9887
9888
9892
9893
9893
9893
9894
9896
9896
9896
9897
9898
9898
9899
9899
9899
9900
9902
9902
9902
9902
9903
9903
9903
9908
9908
9908
9909
9909
9910
9910
9911
9912
9913
9913
9913
9915
9917
9919
9919
9920
9921
9921
9922
9922
9923
9925
9927
9930
9934
9935
9935
9940
9940
9942
9943
9943
9943
9943
9944
9944
9946
9947
9947
9947
9947
9948
9948
9948
9950
9950
9955
9956
9956
9962
9962
9963
9963
9963
9963
9964
9968
9968
9970
9970
9970
9972
9972
9972
9972
9972
9974
9977
9977
9977
9977
9979
9979
9981
9982
9983
9983
9984
9984
9985
9988
9992
9993
9993
9994
9994
9994
9995
9995
9996
9996
9996
9998
9999
