10000
2
2
3
6
8
9
9
9
10
10
20
21
12
13
13
18
19
22
22
25
26
29
13
15
25
28
49
82
33
44
54
59
70
72
74
87
89
96
101
33
34
35
38
47
47
49
51
56
51
59
62
63
64
77
82
82
82
86
88
89
84
86
85
97
89
105
109
103
113
114
119
121
114
116
122
120
125
121
127
15
16
17
20
33
72
82
85
50
90
127
128
130
131
133
90
128
131
134
135
136
137
138
155
138
139
140
145
146
148
152
152
156
159
159
159
160
161
163
163
164
166
169
170
170
172
183
190
192
161
175
164
178
196
185
201
203
203
204
206
208
211
213
208
209
209
212
212
212
214
214
214
215
21
21
22
31
27
36
39
41
28
35
41
44
51
56
60
60
61
61
62
63
69
71
89
90
90
91
93
96
97
100
107
121
124
125
133
133
133
136
137
142
146
147
150
154
154
157
160
165
167
171
153
155
175
173
173
179
174
177
182
190
190
216
216
224
234
235
177
183
189
197
201
207
211
212
226
228
231
235
249
259
261
209
228
236
209
237
271
239
245
247
248
250
252
257
274
274
282
286
305
347
381
436
257
260
267
271
275
282
272
278
315
350
350
352
372
392
418
472
521
542
550
569
573
289
294
299
309
311
312
315
319
319
325
330
333
341
339
339
345
348
363
369
373
343
349
350
351
378
378
382
384
389
390
398
392
404
406
414
429
429
435
439
420
445
445
448
457
462
471
479
471
471
472
481
487
488
516
517
525
568
572
618
559
604
612
620
625
636
636
638
647
661
661
481
485
495
501
504
524
525
554
623
639
546
559
583
600
629
650
665
678
608
612
640
676
673
682
683
688
689
302
307
310
308
329
330
335
337
347
359
361
378
387
393
395
405
406
423
423
410
432
458
466
476
486
424
440
443
481
490
494
594
603
625
499
535
584
604
618
627
644
649
713
718
754
512
520
586
590
600
618
619
623
655
667
663
676
678
685
744
754
692
699
709
719
715
721
724
724
724
726
731
735
755
755
760
771
781
736
738
744
751
757
763
764
767
769
782
782
789
793
794
800
808
810
815
624
637
665
673
693
677
679
720
686
704
732
662
701
709
785
818
824
818
824
827
832
711
737
747
802
816
822
827
757
794
803
808
829
836
836
839
834
843
850
851
852
853
853
854
855
855
870
856
857
873
876
876
888
867
875
877
880
892
903
904
877
878
882
888
888
906
910
913
913
913
914
917
918
924
924
924
936
940
943
943
960
925
929
938
962
971
972
974
975
976
982
981
985
986
992
996
997
997
1005
1012
1017
1036
947
954
954
956
967
977
957
990
1008
1023
1025
979
982
986
986
998
1001
1001
1007
1020
1026
1027
1040
1041
1042
1044
1045
1016
1021
1026
1031
1037
1039
1040
1044
1046
1046
1057
1066
1067
1068
1071
1032
1047
1047
1051
1052
1057
1058
1060
1066
1078
1080
1088
1080
1095
1101
1104
1104
1106
1106
1109
1111
1112
1088
1114
1128
1133
1134
1136
1117
1121
1129
1130
1134
1135
1136
1139
217
219
220
221
223
224
224
226
235
240
241
245
249
253
253
261
257
262
263
264
265
268
273
234
236
239
240
244
245
247
248
252
256
274
277
277
278
257
265
270
272
276
277
280
283
285
285
291
284
287
298
309
313
289
300
300
318
316
326
321
325
328
321
330
330
332
338
340
343
343
346
346
348
349
351
359
353
361
366
367
372
353
364
377
377
377
382
385
394
397
386
386
387
394
400
412
414
417
389
397
410
413
418
422
431
433
434
425
438
455
468
473
497
501
503
503
508
518
521
541
545
550
557
567
506
526
558
578
533
582
560
576
588
617
619
591
607
607
616
617
618
631
632
470
597
616
667
638
649
653
677
692
698
703
714
715
773
733
769
778
786
787
812
794
805
818
809
810
821
706
727
745
760
777
819
797
821
844
844
852
867
882
883
885
854
859
876
878
886
889
899
907
912
651
715
872
925
925
939
940
952
953
953
956
955
981
982
991
980
997
999
1001
1022
1037
1045
1056
1057
1062
1069
1089
1094
1117
1119
1132
1128
1142
1146
1146
1146
1157
1164
1164
1148
1159
1168
1168
1176
1168
1168
1169
1180
1181
1181
1185
1185
1186
1188
1190
1195
1197
1199
1201
1201
1201
1207
1208
1149
1152
1176
1182
1158
1170
1184
1188
1194
1197
1199
1202
1204
1186
1194
1201
1206
1219
1224
1209
1209
1211
1212
1216
1225
1229
1226
1232
1234
1240
1242
1245
1246
1253
1230
1240
1244
1248
1262
1263
1256
1256
1257
1258
1258
1269
1260
1270
1271
1272
1262
1263
1276
1276
1278
916
939
944
955
957
947
954
966
969
972
982
997
1002
1076
1007
1030
1047
1051
1058
1061
1087
1093
1103
1121
1128
1129
1134
1136
1142
1144
1151
1160
1169
1174
1196
1211
1210
1242
1251
1256
1164
1201
1220
1234
1253
1292
1263
1344
1358
1352
1384
1368
1379
1407
1263
1278
1279
1281
1282
1283
1286
1287
1288
1300
1305
1306
1306
1306
1308
1308
1311
1290
1291
1299
1312
1313
1313
1313
1375
1406
1411
1314
1331
1323
1326
1331
1332
1342
1350
1352
1354
1362
1368
1374
1377
1399
1402
1406
1411
1415
1438
1440
1421
1440
1445
1453
1452
1454
1454
1322
1325
1328
1328
1329
1332
1338
1341
1342
1348
1377
1355
1358
1401
1358
1415
1424
1343
1357
1361
1376
1424
1426
1428
1353
1361
1405
1428
1435
1446
1366
1366
1371
1375
1380
1429
1437
1458
1458
1331
1332
1336
1343
1344
1359
1345
1365
1373
1376
1375
1385
1394
1381
1396
1404
1420
1432
1413
1413
1417
1446
1460
1462
1470
1461
1469
1472
1473
1467
1471
1473
1474
1474
1478
1475
1476
1481
1481
402
402
403
418
418
423
424
425
425
431
432
432
437
409
420
432
445
446
446
455
457
462
463
469
469
464
478
483
484
486
486
491
500
500
506
511
516
530
492
493
505
560
571
593
598
516
525
531
538
547
551
551
562
555
568
566
572
575
579
581
582
586
595
597
601
605
719
766
782
785
818
747
775
825
831
857
600
660
726
885
849
877
903
911
929
943
940
944
1000
1013
1033
607
609
610
618
618
624
629
631
639
641
645
647
660
673
686
695
693
701
708
710
714
731
722
728
740
759
741
754
763
786
786
863
798
800
826
835
890
909
948
951
965
1005
1007
1060
1084
1049
1053
1056
1116
1199
825
866
892
1060
1072
1084
1167
1218
1271
1295
1302
1303
1330
1396
1411
1430
838
841
845
858
906
941
945
963
974
1066
1083
1125
1263
1127
1149
1177
1180
1185
1234
1234
1309
994
1003
1011
1014
1016
1037
1070
1070
1088
1150
1179
1193
1217
1247
1258
1034
1090
1120
1157
1267
1269
1269
1313
1331
1340
1292
1322
1334
1343
1350
1359
1369
1376
1388
1389
1391
1397
1354
1357
1366
1415
1428
1431
1443
1454
1458
1461
610
622
622
680
642
758
720
748
784
795
761
778
826
846
856
864
864
898
894
930
956
865
873
886
888
957
903
908
942
961
966
970
1374
977
1057
980
1025
1030
1035
1092
1101
1129
1137
995
1039
1059
1074
1130
1142
1153
1168
1218
1238
1260
1268
1269
1309
1330
1347
1350
1376
1378
1379
1388
1394
1440
1398
1434
1441
1467
1224
1226
1231
1253
1274
1287
1302
1319
1328
1428
1432
1437
1469
1473
1476
1481
1481
1482
1482
1482
1482
1485
1485
1487
1499
1505
1489
1493
1498
1505
1505
1511
1512
1515
1518
1521
1525
1526
1528
1528
1529
1488
1493
1492
1498
1501
1502
1503
1507
1514
1518
1519
1515
1522
1524
1525
1526
1528
1530
1532
1533
1533
1533
1535
1535
1535
1537
1537
1539
1542
1546
1541
1542
1542
1543
1544
1552
1566
1567
1552
1553
1569
1576
1577
1577
1578
1579
1580
1583
1539
1539
1547
1550
1552
1563
1543
1548
1563
1567
1575
1576
1584
1586
1586
1587
1588
1590
1593
1593
1594
1594
1484
1497
1515
1499
1512
1523
1522
1534
1535
1536
1540
1566
1541
1543
1543
1551
1552
1566
1569
1587
1592
1596
1597
1599
1600
1601
1602
1603
1603
1603
1603
1604
1606
1606
1608
1610
1610
1611
1612
1615
1612
1617
1617
1614
1622
1614
1616
1625
1627
1627
1632
1634
1638
1644
1646
1648
1650
1654
1657
1648
1662
1665
1666
1682
1694
1573
1576
1584
1592
1604
1603
1607
1609
1611
1613
1617
1617
1625
1626
1630
1631
1632
1637
1644
1646
1651
1651
1652
1656
1660
1662
1666
1686
1678
1707
1730
1734
1748
1701
1742
1762
1796
1823
1764
1796
1841
1817
1847
1845
1855
1858
1872
1875
1618
1625
1636
1638
1646
1648
1649
1652
1652
1668
1668
1684
1688
1701
1722
1724
1736
1764
1810
1884
1885
1895
1912
1923
1924
1924
1930
1939
1954
1962
1886
1891
1891
1894
1898
1899
1903
1923
1982
1983
1937
2003
2004
2006
2008
2031
2034
2042
1926
1933
1955
1996
2017
2044
2047
2060
2069
1913
1928
1952
2077
2077
2081
2135
2138
2151
2167
2174
2123
2149
2177
2194
2140
2144
2164
2201
2208
2149
2170
2170
2182
2191
2210
2209
2235
2235
2252
2258
2260
2261
2262
2275
2287
1671
1672
1673
1674
1675
1676
1677
1679
1680
1686
1686
1704
1685
1691
1692
1692
1692
1703
1707
1708
1708
1709
1709
1724
1776
1804
1935
1772
1812
1902
1966
2014
1830
1851
1900
1959
2046
2133
2074
2108
2165
2264
2267
2285
2294
1903
1990
1950
1962
2028
2031
2032
2060
2037
2073
2100
2187
2248
2288
2302
2306
2306
2309
2310
2310
2313
2319
2322
2327
2330
2335
2339
2346
2351
2368
2368
2392
2352
2364
2392
2395
2377
2377
2400
2402
2405
2416
1710
1710
1712
1713
1718
1722
1725
1733
1734
1718
1719
1720
1721
1725
1727
1728
1732
1732
1736
1738
1739
1742
1743
1746
1748
1749
1750
1750
1750
1751
1752
1754
1754
1759
1763
1774
1758
1758
1759
1759
1761
1764
1766
1774
1775
1776
1779
1776
1779
1786
1788
1796
1798
1800
1803
1789
1804
1825
1812
1816
1827
1809
1813
1818
1886
2053
2069
2121
2122
2133
1828
1832
1839
1840
1840
1846
1852
1854
1864
1867
1874
1887
1912
1936
2035
2007
2036
2037
2046
1981
1983
2015
2050
2053
2109
2174
2060
2060
2087
2222
2096
2223
2139
2196
2197
2232
2243
2262
1838
1845
1845
1889
1922
2002
2071
1901
2032
2082
2122
2137
2148
2202
2210
2220
2233
2299
2216
2222
2238
2263
2293
2297
2305
2331
2335
2312
2317
2320
2322
2330
2343
2346
2377
2380
2405
1892
1907
1923
1894
1985
1911
1913
1990
1990
1944
1950
1957
1966
2000
2002
2007
2012
2014
2016
2071
2130
2056
2068
2152
2087
2182
2080
2090
2104
2186
2188
2198
2202
2206
2197
2213
2224
2246
2264
2280
2302
2309
2309
2312
2322
2335
2341
2343
2362
2362
2363
2369
2385
2392
2408
2424
2440
2399
2412
2456
2417
2418
2458
2460
2429
2431
2463
2468
2471
2474
2473
2476
2476
2479
2523
2562
2633
2638
2650
2542
2558
2577
2576
2606
2651
2589
2597
2601
2613
2645
2669
2672
2420
2432
2457
2470
2477
2478
2515
2491
2522
2544
2568
2584
2645
2647
2688
2715
2733
2712
2735
2737
2745
2763
2802
2802
2547
2549
2596
2615
2628
2706
2744
2669
2783
2803
2898
2690
2812
2906
2857
2874
2914
2922
2927
2785
2788
2791
2877
2899
2935
2937
2931
2943
2970
2971
2972
3036
3038
3061
3077
3086
2952
2955
3000
2962
3012
3015
3056
3075
3077
3082
3089
3089
2429
2446
2447
2447
2462
2477
2468
2478
2492
2500
2476
2560
2573
2612
2598
2617
2489
2516
2578
2581
2587
2603
2614
2625
2632
2651
2652
2661
2515
2516
2521
2522
2543
2566
2552
2602
2647
2664
2665
2665
2669
2669
2678
2696
2695
2699
2707
2710
2718
2673
2676
2711
2723
2726
2749
2756
2758
2767
2779
2779
2786
2786
2790
2864
2795
2795
2795
2850
2824
2833
2835
2845
2877
2895
2856
2869
2869
2872
2887
2897
2903
2890
2910
2920
2946
2950
2956
2979
2980
3006
2940
2996
3005
3007
3010
3016
3042
3046
3045
3056
3056
3062
3072
3072
3073
3076
3086
3088
3088
3094
3096
3097
3099
3101
3105
3112
3113
3115
3117
3115
3122
3122
3124
3132
3134
3142
3153
3154
3156
3169
3148
3163
3165
3171
3172
3173
3173
3174
3181
3185
3193
3182
3187
3187
3191
3196
3202
3214
3207
3208
3208
3214
3217
3223
3225
3230
3234
3241
3245
3250
2316
2366
2433
2434
2474
2494
2590
2627
2366
2542
2645
2705
2720
2749
2765
2511
2544
2549
2563
2599
2624
2631
2582
2667
2756
2775
2777
2801
2533
2536
2566
2581
2676
2709
2733
2736
2738
2803
2835
2809
2826
2862
2894
2895
2920
2942
2969
2985
2963
3008
3111
3116
2799
3050
3055
3136
3143
3132
3174
3211
3212
3214
3220
3224
3264
3298
3303
3321
3323
3342
3392
3419
3368
3414
3468
3474
3230
3275
3286
3313
3349
3257
3266
3309
3372
3330
3396
3513
3522
3523
3380
3401
3431
3437
3453
3465
3479
3491
3498
3526
3527
2980
2982
3251
3259
2991
3122
3261
3261
3264
3271
3273
3012
3120
3139
3137
3264
3274
3275
3278
3288
3297
3311
3314
3289
3305
3329
3300
3331
3342
3343
3347
3383
3395
3345
3352
3367
3390
3402
3346
3403
3406
3412
3367
3415
3390
3393
3416
3423
3442
3444
3444
3449
3452
3470
3473
3453
3455
3459
3457
3463
3477
3478
3478
3482
3482
3482
3483
3491
3491
3497
3499
3515
3530
3536
3537
3551
3501
3503
3530
3537
3552
3523
3525
3532
3536
3541
3545
3552
3558
3549
3583
3613
3626
3644
3683
3645
3685
3761
3788
3797
3850
3858
3863
3897
3900
4010
4016
4071
4094
4132
4133
3563
3564
3565
3570
3570
3572
3573
3575
3577
3580
3581
3581
3578
3581
3585
3586
3594
3600
3608
3623
3597
3605
3611
3625
3625
3632
3624
3638
3648
3651
3661
3662
3677
3682
3687
3693
3693
3695
3710
3716
3722
3727
3728
3648
3650
3653
3654
3683
3689
3690
3691
3698
3701
3702
3707
3707
3728
3732
3740
3668
3675
3678
3715
3719
3676
3744
3750
3752
3776
3779
3790
3796
3812
3834
3848
3856
3856
3895
3917
3923
3678
3734
3746
3781
3818
3838
3849
3816
3863
3882
3935
3936
3964
3968
3982
3984
3750
3754
3768
3770
3773
3792
3827
3839
3841
3851
3856
3861
3861
3864
3867
3869
3870
3881
3889
3891
3892
3898
3909
3928
3935
3941
3941
3943
3952
3969
3978
3758
3767
3770
3781
3783
3786
3786
3797
3805
3850
3860
3879
3817
3841
3865
3871
3882
3910
3930
3931
3866
3869
3870
3871
3876
3942
3957
3979
3983
3951
3975
3976
3966
3967
3984
3985
3990
3997
4015
4039
4001
4006
4006
4007
4024
4040
4018
4034
4035
4042
4066
4072
4050
4051
4055
4067
4089
4085
4087
4091
4103
4111
4114
4092
4129
3998
4048
4058
4079
4017
4025
4051
4087
4088
4090
4098
4105
4107
4108
4120
4132
4132
4132
4136
4136
4137
4138
4146
4149
1758
1771
1781
1808
1780
1798
1823
1835
1881
1884
1910
1927
1911
1913
1939
2009
1921
2026
2053
1983
1989
1993
2045
2054
2064
2070
2082
2173
2599
2630
2657
2095
2156
2183
2201
2232
2309
2441
2469
2633
2655
2666
2673
2681
2696
2763
2895
2908
2913
3053
3066
3111
3134
3211
3592
3341
3361
3558
3560
3616
3623
3624
3660
3691
3744
2936
3037
3578
3649
3707
3724
3742
3747
3764
3770
3803
3822
3889
3926
3941
3985
4018
4149
4162
4163
4151
4153
4159
4164
4167
4168
4176
4181
1836
1869
1886
1910
1958
2007
2030
2108
2150
2217
2233
2254
2303
2364
2365
2547
2555
2009
2213
2243
2253
2275
2438
2094
2170
2438
2445
2474
2574
2419
2529
2537
2584
2625
2640
2666
2689
2718
2694
2759
2411
2482
2670
2764
2755
2774
2764
2819
2910
2939
2957
2996
2822
2846
2848
2855
2887
2905
3000
3113
3121
3159
3191
3268
3286
3057
3211
3348
3360
3475
3527
3388
3595
3614
3663
3719
3720
3069
3092
3416
3728
3735
3784
3867
3919
3741
3762
3788
3839
3951
4005
4023
4063
4039
4150
4153
4185
4209
4218
4032
4098
4167
4175
4183
4224
4234
4190
4199
4207
4222
4246
4252
4254
4256
4257
4282
4222
4239
4262
4271
4254
4274
4315
4345
4373
4375
4378
4283
4285
4332
4364
4301
4372
4392
4309
4317
4343
4346
4403
4271
4272
4273
4275
4292
4299
4317
4340
4349
4350
4375
4330
4379
4395
4395
4401
4422
4439
4462
4336
4411
4416
4426
4432
4437
4426
4433
4491
4497
4511
4519
4461
4489
4500
4528
4529
4514
4533
4537
4546
4591
4557
4575
4595
4609
4609
4546
4559
4595
4610
4617
4618
4627
4636
4636
4188
4189
4195
4220
4207
4209
4229
4241
4249
4252
4288
4295
4299
4305
4311
4193
4199
4207
4225
4234
4220
4245
4247
4252
4289
4295
4300
4315
4317
4318
4259
4264
4314
4341
4344
4350
4352
4359
4361
4372
4380
4381
4387
4395
4395
4375
4395
4399
4413
4434
4415
4431
4435
4474
4476
4490
4244
4253
4267
4294
4363
4366
4367
4375
4377
4396
4412
4429
4431
4432
4437
4514
4525
4443
4444
4456
4462
4486
4489
4502
4489
4493
4498
4504
4505
4507
4496
4506
4519
4530
4566
4601
4508
4508
4508
4517
4524
4531
4570
4611
4640
4529
4555
4559
4620
4569
4616
4644
4632
4646
4657
4661
4531
4540
4557
4562
4562
4565
4566
4579
4589
4645
4668
4682
4703
4705
4705
4711
4582
4607
4676
4589
4683
4702
4707
4710
4715
4715
4716
4720
4724
4614
4625
4633
4646
4665
4670
4641
4642
4645
4664
4665
4671
4691
4726
4672
4691
4697
4697
4687
4702
4733
4733
4741
4743
4710
4710
4716
4724
4729
4732
4734
4744
4746
4750
4747
4750
4750
4751
4751
4759
4761
4753
4761
4765
4768
4768
4772
4773
4774
4777
4778
4583
4748
4765
4613
4779
4784
4780
4781
4789
4786
4789
4789
4791
4801
4804
4804
4805
4807
4810
4815
4824
4811
4814
4816
4826
4840
4843
4792
4793
4805
4812
4815
4823
4828
4828
4830
4854
4794
4826
4841
4848
4849
4851
4857
4858
4864
4895
4852
4869
4870
4898
4907
4910
4911
4917
4941
4946
4953
4956
4962
4984
4994
4998
4998
5045
5060
5066
5090
5100
5031
5061
5068
5072
5086
5111
5116
5123
4865
4865
4869
4869
4870
4870
4884
4901
4912
4916
4921
4924
4925
4961
4931
4931
4964
4964
4938
4969
4972
4975
4976
4981
4981
4983
4984
4987
5000
5000
4876
4876
4879
4881
4904
4909
4920
4888
4898
4902
4926
4891
4893
4904
4934
4912
4937
4942
4975
4984
5000
5002
5003
5004
5006
5010
4917
4921
4951
4977
4978
4980
4984
4989
4995
5002
5009
5009
5017
5076
5025
5065
5073
5077
5079
5105
5105
5099
5109
5118
5121
5129
5137
5131
5132
5134
5150
5144
5158
5159
5163
5014
5018
5019
5022
5046
5047
5049
5075
5097
5051
5057
5122
5149
5093
5109
5137
5166
5151
5168
5172
5177
5179
5183
5025
5026
5028
5036
5050
5121
5087
5164
5191
5185
5197
5200
5207
5219
5221
5213
5221
5225
5227
5229
5229
5232
5235
5241
5242
5248
5252
5258
5106
5116
5123
5133
5183
5169
5191
5198
5187
5200
5202
5203
5213
5220
5227
5228
5236
5241
5256
5269
5277
5279
5282
5145
5153
5172
5184
5187
5187
5198
5203
5210
5210
5217
5201
5207
5225
5225
5239
5270
5272
5274
5279
5287
5289
5289
5290
5292
5290
5294
5296
5317
5320
5297
5306
5313
5320
5322
5300
5312
5313
5320
5324
5325
5329
5331
5336
5344
5350
5350
5353
5357
5358
5365
5331
5331
5345
5337
5357
5339
5340
5364
5374
5374
5329
5330
5340
5345
5349
5352
5355
5368
5377
5378
5378
5385
5385
5386
5420
5435
5438
5446
5470
5390
5391
5395
5400
5401
5401
5403
5403
5405
5423
5426
5446
5406
5408
5414
5419
5429
5429
5420
5422
5444
5456
5459
5460
5487
5516
5519
5470
5477
5496
5500
5514
5484
5523
5526
5484
5504
5530
5488
5489
5508
5526
5531
5531
5430
5435
5439
5440
5442
5445
5447
5448
5456
5458
5459
5462
5463
5478
5467
5470
5476
5478
5481
5486
5488
5488
5499
5500
5510
5534
5538
5543
5546
5551
5554
5528
5554
5559
5562
5563
5564
5564
5565
5566
5576
5580
5566
5568
5573
5575
5578
5584
1789
1792
1801
1807
1812
1809
1815
1816
1821
1821
1810
1825
1825
1836
1838
1846
1847
1850
1859
1865
1867
1873
1888
1907
1928
1892
1897
1909
1941
1946
1952
1895
1907
1913
1917
1953
1922
1954
1965
1967
1846
1866
1867
1870
1930
1934
1870
1908
1915
1926
1961
1860
1862
1862
1870
1878
1883
1904
1915
1916
1963
1966
1969
1976
1925
1929
1950
1976
1979
1979
1981
1983
1992
1999
2004
2012
2016
2018
2025
2026
2027
2032
2033
2034
2036
2044
2047
2048
2053
2055
2058
2064
2065
2068
2069
2074
2074
2087
2121
2136
2166
2101
2107
2122
2134
2198
2199
2205
2143
2162
2166
2204
2212
2231
2240
2246
2251
2056
2058
2068
2075
2076
2059
2080
2094
2100
2101
2129
2133
2135
2162
2145
2188
2174
2189
2231
2248
2262
2265
2283
2296
2303
2331
2354
2382
2383
2390
2395
2081
2094
2098
2103
2105
2122
2124
2126
2127
2183
2228
2264
2271
2325
2405
2310
2313
2344
2361
2373
2404
2411
2131
2145
2146
2151
2177
2190
2197
2166
2204
2318
2234
2317
2377
2408
2338
2427
2428
2438
2440
2302
2341
2419
2443
2433
2443
2445
2446
2447
2448
2454
2456
2482
2482
2488
2489
2495
2500
2505
2333
2351
2380
2390
2394
2414
2460
2498
2508
2510
2510
2516
2527
2530
2512
2514
2518
2530
2537
2537
2537
2545
2559
2544
2546
2566
2570
2557
2561
2571
2588
2591
2572
2585
2588
2591
2606
2606
2615
2622
2622
2623
2631
2632
2639
2638
2753
2674
2859
2714
3030
2945
3072
3085
3120
3440
3385
3395
3454
3522
3411
3564
3573
3591
3607
3613
3662
3762
3911
3927
4049
4119
4130
4172
4180
4193
2642
2663
2664
2665
2673
2684
2674
2694
2695
2699
2706
2708
2713
2719
2725
2728
2762
2734
2738
2768
2803
2831
2739
2750
2753
2795
2836
2847
2756
2763
2792
2792
2792
2792
2828
2844
2855
2861
2874
2891
2916
2939
2880
2900
2976
2901
2951
2961
2985
2796
2802
2802
2853
2853
2815
2856
2873
2881
2912
2914
2861
2879
2897
2884
2935
2956
2962
2965
2988
3000
3039
3064
3066
2960
2963
2969
3006
3007
3007
3009
3013
3022
3033
3055
3025
3151
3208
3026
3069
3212
3079
3094
3185
3096
3187
3228
3101
3232
3240
3245
3278
3281
3296
2902
2919
2970
2948
2951
2952
2977
3080
3083
3133
3155
3163
3191
3234
3318
3258
3332
3333
3345
3395
3463
3485
3356
3358
3363
3367
3378
3418
3420
3424
3442
3448
3455
3475
3483
3487
3473
3479
3488
3512
3522
3504
3591
3523
3666
3841
3939
3591
3595
3604
3643
3671
3690
3695
3741
3762
3775
3787
3599
3670
3759
3865
3791
3797
3824
3870
3885
3902
3912
3917
3929
3980
4006
3908
3948
3964
3989
4035
4042
4045
4113
4116
4039
4056
4158
4162
4174
4187
4215
4168
4177
4184
4194
4200
4220
4223
4224
4229
4238
3089
3113
3138
3146
3154
3179
3270
3372
3379
3114
3410
3425
3442
3493
3518
3526
3543
3182
3229
3288
3193
3286
3302
3348
3361
3369
3383
3416
3480
3444
3602
3641
3671
3703
3739
3429
3493
3650
3557
3807
3931
4107
3708
3752
3764
3789
3816
3840
3861
4088
4107
4189
3937
3937
4002
4053
4100
4191
4263
4276
4283
4308
4204
4207
4208
4248
4248
4255
4270
4272
4290
4311
4316
4319
4331
4333
4349
4326
4329
4330
4331
4349
4352
4356
4357
3067
3076
3077
3077
3086
3089
3109
3110
3110
3084
3114
3127
3135
3147
3186
3161
3206
3215
3221
3256
3270
3282
3293
3309
3411
3466
3505
3543
3306
3308
3334
3358
3368
3373
3454
3331
3353
3358
3368
3455
3455
3471
3499
3503
3533
3563
3645
3652
3680
3615
3631
3631
3645
3681
3668
3686
3687
3698
3699
3707
3707
3716
3727
3730
3746
3752
3761
3732
3770
3776
3782
3811
3838
3321
3372
3462
3471
3644
3844
3851
3866
3877
3910
3930
3931
3881
3886
3891
3957
4109
3908
3920
3961
4114
3937
4051
4171
4232
4236
3918
3927
3936
3968
4077
4042
4050
4093
4112
4154
4090
4161
4176
4184
4245
4197
4279
4300
4303
4310
4221
4329
4390
4391
4339
4367
4402
4359
4425
4563
4578
4514
4538
4562
4569
4616
4574
4575
4576
4587
4614
4620
4631
4232
4359
4368
4368
4377
4324
4358
4394
4398
4395
4401
4414
4417
4656
4660
4424
4525
4664
4686
4625
4634
4641
4668
4702
4724
4749
4437
4449
4463
4511
4551
4556
4567
4589
4606
4660
4691
4767
4770
4677
4780
4784
4785
4792
4788
4794
4808
4822
4824
4855
4870
4888
4907
4912
4868
4922
4932
4937
4940
4971
4935
4950
4972
4979
4992
4996
4420
4420
4440
4507
4521
4526
4542
4444
4482
4523
4557
4611
4569
4572
4633
4644
4652
4664
4624
4663
4666
4666
4668
4670
4676
4682
4676
4695
4731
4736
4739
4742
4760
4646
4652
4654
4661
4669
4753
4763
4768
4848
4897
4858
4911
4935
4973
5001
5008
5014
5010
5016
5027
5033
5047
4807
4807
4819
4835
4915
4935
4824
4826
5039
4878
4927
4932
5053
5053
5056
5065
5065
4955
5007
5022
5037
5052
5082
5086
5087
4976
4985
5000
5013
5005
5008
5015
5020
5022
5026
5030
5051
5060
5075
5088
5037
5064
5067
5070
5087
5092
5092
5097
5099
5102
5119
5124
5130
5074
5092
5096
5109
5133
5135
5138
5151
5153
5157
5159
5164
5167
5181
5182
5182
5186
5187
5190
2165
2182
2193
2198
2204
2212
2219
2256
2272
2272
2294
2298
2308
2311
2371
2390
2443
2241
2254
2259
2293
2265
2348
2421
2425
2461
2475
2315
2319
2360
2485
2492
2362
2427
2499
2430
2509
2521
2522
2541
2570
2574
2578
2581
2589
2596
2634
2610
2613
2621
2621
2622
2631
2640
2643
2702
2719
2736
2739
2798
2801
2802
2815
2831
2908
2911
2813
2854
2904
2925
2934
2979
3031
3131
3324
3173
3367
3179
3198
3332
3380
3023
3029
3085
3094
3158
3232
3472
3487
3579
3538
3659
3633
3685
3733
3818
2666
2734
2743
2750
2762
2768
2788
2856
2897
2976
2989
3216
2847
2959
3544
3590
3744
3220
3349
3620
3658
3837
3942
3980
2997
3069
3451
3076
3147
3159
3289
3310
3881
3991
4203
3595
3873
3891
3905
3910
3932
3965
3931
3979
4204
4223
4246
3931
4008
4071
4278
4278
4303
4305
4311
4327
4337
4361
3270
3372
3384
3405
3528
3557
3593
3638
3661
3873
3968
4083
4211
4300
4426
4601
3593
3626
3693
3731
3741
3811
3861
3923
4072
4227
4286
4312
4383
4534
4446
4559
4608
4658
4672
4705
4377
4396
4419
4427
4500
4501
4384
4514
4520
4604
4769
4779
4530
4536
4557
4573
4785
4884
4608
4623
4729
4900
4621
4924
4945
5046
4658
4743
4750
4751
4815
4939
5014
5069
5075
5088
5113
5128
5131
5149
4778
4793
4906
4923
4951
5020
5031
5076
5095
5153
5153
5187
5220
5239
2625
2765
2854
3133
3368
3495
3761
3814
3672
3742
3859
2692
2807
2864
2860
2959
3068
3570
3776
4138
2903
3357
4187
4209
4269
4663
3530
3808
4384
5196
4730
5273
5347
4811
5186
5214
5269
5420
5278
5450
5357
5362
5366
5392
5399
5487
5489
5521
5565
5567
5576
5582
4481
4586
4663
4855
4870
4939
5046
5032
5261
5264
5332
5403
5418
5354
5366
5424
5437
5462
5499
5501
5512
5512
5567
5555
5570
5574
5590
5591
5593
5593
5216
5219
5221
5222
5223
5227
5234
5238
5270
5240
5244
5247
5248
5250
5278
5252
5252
5256
5256
5258
5287
5293
5295
5298
5303
5310
5311
5313
5326
5348
5352
5353
5326
5326
5331
5335
5353
5361
5365
5372
5380
5381
5386
5383
5394
5398
5402
5432
5443
5449
5454
5480
5513
5530
5543
5550
5570
5596
5597
5597
5395
5395
5396
5401
5405
5405
5406
5411
5423
5412
5414
5417
5420
5427
5446
5462
5472
5473
5410
5416
5429
5476
5435
5469
5469
5484
5484
5479
5485
5503
5504
5505
5500
5511
5562
5523
5599
5525
5602
5596
5618
5631
5633
5637
5535
5600
5609
5621
5632
5633
5644
5543
5597
5599
5604
5615
5625
5651
5615
5620
5624
5644
5652
5653
5655
5655
5617
5619
5620
5623
5632
5646
5656
5657
5658
5659
5664
5665
5667
5668
5669
5673
5674
5687
5674
5678
5681
5686
5689
5692
5694
5695
5698
5532
5534
5535
5536
5542
5542
5550
5567
5573
5579
5585
5694
5698
5590
5592
5694
5617
5653
5673
5722
5727
5730
5570
5580
5584
5591
5598
5603
5604
5606
5670
5644
5699
5727
5731
5735
5572
5601
5653
5674
5673
5679
5680
5685
5687
5693
5709
5732
5737
5740
5747
5748
5752
5753
5754
5756
5764
5768
5771
5771
5772
5781
5784
5785
5787
5627
5631
5652
5672
5696
5696
5700
5701
5702
5702
5702
5702
5704
5706
5707
5711
5713
5718
5719
5725
5733
5761
5769
5785
5788
5788
5721
5727
5727
5753
5766
5737
5765
5778
5782
5782
5788
5790
5748
5763
5766
5783
5791
5769
5787
5772
5781
5789
5792
5794
5794
5795
5797
5825
5796
5798
5814
5838
5799
5834
5839
5817
5827
5841
5849
5821
5851
5854
5859
5863
5867
5871
5797
5798
5800
5801
5803
5818
5803
5821
5822
5822
5823
5828
5811
5831
5837
5841
5846
5847
5849
5852
5882
5855
5856
5859
5863
5865
5870
5875
5881
5885
5876
5884
5885
5877
5878
5885
5888
5890
5891
5891
5895
5896
5897
5900
5902
5801
5801
5825
5803
5804
5810
5811
5812
5828
5832
5832
5833
5841
5842
5847
5847
5848
5850
5854
5865
5867
5875
5884
5858
5886
5896
5904
5899
5902
5906
5907
5908
5911
5904
5907
5910
5917
5929
5954
5910
5943
5947
5949
5957
5916
5919
5919
5920
5921
5922
5923
5926
5929
5929
5931
5941
5949
5953
5959
5959
5961
5962
5966
5967
5970
5973
5975
5977
5979
5988
5989
5928
5928
5930
5933
5937
5930
5930
5936
5939
5940
5948
5949
5954
5957
5963
5967
5967
5937
5964
5971
5958
5966
5970
5976
5976
5978
5979
5982
5985
5990
5990
5993
5999
5962
5965
5966
5966
5967
5967
5979
5996
5999
6010
6012
6018
5993
6002
6002
6004
6008
6008
6014
6018
6014
6019
6020
6020
6022
6023
6010
6011
6011
6012
6014
6018
6018
6022
6038
6025
6027
6027
6029
6032
6032
6033
6036
6041
6041
6046
6036
6043
6046
6056
6058
6058
6059
6060
6048
6051
6054
6060
6062
6056
6056
6064
6058
6062
6066
6067
1852
1854
1861
1865
1870
1884
1889
1892
1894
1911
1961
1965
1923
1956
1939
1940
1982
1983
1985
1989
2018
2026
2027
2027
2035
2045
2054
2045
2056
2059
2060
2064
2066
2095
2113
2116
2118
2160
2153
2161
2176
2187
2213
2304
2328
1903
1951
1964
2042
1984
2048
2053
2078
1942
2176
2222
2229
1978
2270
2300
2371
2335
2355
2344
2356
2371
2378
2386
2394
2406
2445
2463
2495
2496
2500
2523
2626
2666
2692
2698
2707
2672
2691
2718
2385
2440
2455
2472
2584
2601
2639
2473
2476
2522
2720
2757
2781
2616
2663
2684
2739
2783
2678
2744
2767
2841
2907
2885
2917
2928
2929
2949
2951
2971
3064
2961
3005
3007
3020
3030
3044
3083
3119
3160
3198
3230
3262
3092
3271
3296
3104
3117
3158
3165
3226
3270
3328
3350
3413
3201
3209
3220
3281
3307
3322
3347
3410
3433
3472
3510
3428
3441
3460
3500
3513
3511
3522
3536
3538
3547
3565
3571
3591
3594
3594
3544
3607
3665
3625
3709
3664
3927
3933
3735
3736
3741
3745
3807
3823
3833
3834
3856
3857
3864
3813
3883
3886
3894
3897
3900
3908
3935
3937
3976
3989
3992
3998
4181
4266
4299
4362
4372
4007
4033
4074
4080
4083
4085
4144
4145
4151
4154
4189
4168
4176
4249
4179
4264
4267
4296
4191
4208
4319
4350
4394
4377
4404
4434
4448
4447
4450
4453
4468
4470
4474
4559
4484
4519
4532
4570
4574
4582
4550
4610
4636
4624
4625
4652
4705
4657
4668
4671
4676
4712
4719
4671
4704
4761
4773
4786
4790
4801
4826
4864
4865
4873
4884
4918
4937
4969
4971
4971
5173
5333
5755
4985
4987
5008
5012
5010
5014
5014
5037
5039
5074
5086
5103
5105
5102
5106
5121
5146
5121
5130
5143
5148
5163
5209
5258
5310
5322
5288
5296
5325
5342
5460
5510
5570
5577
5598
5599
5606
5614
5635
5729
5758
5787
5829
5935
5674
5713
5761
5839
5878
5902
5993
5922
6021
5995
6033
6074
6076
6085
6085
5572
5896
6012
6108
6115
6098
6102
6102
6117
6102
6118
6121
6126
6129
6134
6139
6145
6132
6146
6151
6153
6157
6157
6178
6183
6159
6164
6164
6170
6175
6182
6186
6188
6192
6194
6195
6195
6200
6200
6210
6213
6219
6219
6223
6188
6202
6228
6235
6237
6238
6240
6251
6257
6247
6260
6260
6264
5358
5507
5451
5579
5607
5641
5644
5724
5894
5960
5751
5751
5936
5920
5965
5998
6028
6042
6071
6075
6078
6083
6083
6086
6091
6119
6137
6139
6140
6145
6170
6182
6159
6183
6194
6201
6206
6162
6186
6193
6215
6218
6163
6206
6220
6221
6228
6038
6057
6074
6082
6086
6091
6092
6069
6075
6118
6122
6127
6133
6145
6153
6161
6191
6150
6233
6235
6160
6172
6207
6231
6238
6240
6241
6244
6245
6247
6247
6259
6261
6263
6266
6267
6267
6269
6270
6271
2165
2174
2211
2226
2228
2231
2251
2262
2268
2306
2254
2260
2310
2329
2345
2347
2348
2353
2348
2381
2352
2382
2350
2383
2393
2367
2405
2442
2455
2380
2419
2428
2457
2577
2471
2476
2493
2536
2684
2684
2499
2499
2531
2555
2629
2648
2653
2663
2697
2708
2711
2753
2779
2807
2826
2834
2869
2880
2917
2818
2876
2983
3044
3085
3094
3101
2535
2585
2610
2602
2637
2705
2692
2846
2947
3019
3051
3118
3122
3131
3148
3188
3184
3217
3170
3186
3216
3256
3281
3298
3309
3320
3322
3326
3336
3344
3345
3355
3386
3047
3124
3289
3321
3388
3389
3395
3413
3430
3466
3479
3491
3619
3476
3496
3547
3566
3590
3634
3686
3691
3754
3519
3522
3685
3714
3732
3787
3788
3833
3523
3675
3620
3679
3692
3693
3752
3723
3784
3808
3839
3841
3843
3871
3872
3752
3890
3890
3894
3931
3943
3952
3965
3985
3986
3991
3995
4007
4008
2782
2885
2955
3017
3343
3562
3407
3906
4041
4085
4096
3559
3760
3897
4012
4106
4145
4056
4092
4152
4079
4252
4179
4299
4160
4196
4223
4288
4307
4372
4399
4364
4401
4434
4200
4203
4208
4217
4244
4246
4273
4333
4370
4371
4271
4303
4329
4332
4345
4400
4350
4412
4423
4435
4542
4616
4630
5391
4787
4851
5261
5262
5271
5344
5453
5573
5532
5913
6070
6074
6096
6100
6197
6122
6152
6203
4480
4512
4567
4661
4543
4615
4689
4674
4716
4907
4781
5170
5211
5428
5432
5559
5602
4573
4574
4621
4628
4643
4715
4751
4752
4779
4782
4809
4876
4953
5303
5316
5634
5685
5691
5971
6089
6090
6093
6130
6186
6188
6225
5552
5796
5996
6007
6026
6103
6184
6197
5829
6215
6230
6240
6245
6267
6278
6231
6250
6295
6301
6304
6307
6268
6272
6284
6287
6315
6317
4786
4804
4860
4863
4867
4873
4915
4915
4984
4994
5005
5051
5057
5066
5073
5194
5197
5236
5086
5092
5162
5191
5101
5192
5210
5252
5265
5280
5332
5341
5343
5195
5235
5355
5371
5379
5387
5470
5486
5489
5511
5535
5754
5767
5783
5789
5881
5889
5893
5914
6021
6082
6088
6109
6111
6159
6272
6205
6234
6279
6289
5970
5982
5990
6276
6298
6305
6315
6307
6308
6313
6315
6326
6339
6344
6347
6088
6192
6210
6287
6292
6292
6293
6304
6359
6363
6352
6360
6377
6386
6389
6396
6306
6307
6317
6318
6327
6329
6335
6343
6354
6359
6363
6370
6382
6392
6395
6397
6401
6407
6413
6385
6390
6400
6402
6410
6433
6439
6455
6459
6479
6480
6484
6487
6488
6420
6439
6469
6441
6458
6473
6477
6426
6448
6456
6470
6432
6442
6455
6475
6493
6484
6497
6499
6499
6502
6504
6503
6505
6506
6510
6509
6514
6513
6516
6520
6527
6528
6532
6532
6533
6535
6536
6540
6548
6548
6549
5400
5402
5414
5477
5482
5522
5563
5583
5594
5670
5659
5669
5891
5915
5685
5709
5711
5740
5767
5793
6032
6043
6050
6067
6070
6075
6111
6117
6120
6083
6084
6104
6149
6150
6105
6112
6277
6275
6281
6281
6281
6286
6124
6136
6177
6185
6189
6222
6225
6183
6191
6229
6229
6251
6275
6275
6276
6278
6286
6287
6296
6297
6290
6291
6300
6301
6309
6313
6316
6313
6321
6322
6324
6325
6328
6333
6334
6337
6338
6341
6342
6346
6350
6353
6354
6355
6357
6358
6359
6359
6360
6360
6363
6364
6368
6325
6337
6343
6352
6368
6368
6369
6371
6384
6394
6381
6385
6407
6407
6412
6384
6387
6390
6399
6400
6415
6415
6416
6419
6422
6423
6428
6428
6415
6416
6422
6424
6448
6456
6433
6459
6484
6494
6496
6438
6440
6499
6443
6450
6455
6462
6499
6487
6499
6500
6436
6443
6456
6461
6484
6466
6468
6489
6493
6482
6493
6497
6496
6505
6505
6507
6507
6510
6512
6512
6510
6514
6517
6530
6561
6565
6514
6566
6573
6587
6573
6576
6592
6594
6594
6456
6459
6460
6461
6462
6467
6472
6473
6474
6473
6478
6486
6479
6488
6501
6503
6508
6511
6524
6533
6553
6588
6598
6600
6607
6610
6605
6612
6633
6627
6645
6654
6660
6663
6664
6667
6664
6682
6490
6492
6492
6505
6514
6532
6565
6615
6643
6649
6689
6729
6567
6582
6605
6635
6690
6644
6646
6785
6731
6831
6806
6807
6854
6854
6671
6676
6680
6698
6705
6708
6718
6723
6725
6750
6763
6802
6871
6903
6906
6960
6967
6789
6801
6802
6803
6817
6829
6868
6836
6880
6890
6925
6936
6945
6894
6922
6956
6968
6981
6988
6680
6723
6740
6765
6774
6860
6865
6873
6875
6989
6994
6928
6942
6952
6983
6991
6995
6997
7001
7011
7014
7022
6983
7023
7034
7040
7042
7048
7050
7051
7054
7054
7055
6719
6723
6744
6750
6727
6727
6729
6744
6753
6762
6776
6791
6860
6807
6861
6877
6940
6887
6926
6951
6954
6957
7001
6810
6846
6846
6915
6964
6979
7007
6884
7035
7047
7049
7056
6534
6537
6544
6546
6550
6551
6553
6553
6557
6559
6560
6562
6563
6570
6575
6577
6562
6562
6563
6564
6565
6566
6570
6576
6578
6579
6581
6582
6584
6578
6581
6583
6583
6587
6588
6588
6590
6590
6592
6592
6594
6597
6598
6595
6598
6601
6603
6607
6604
6612
6622
6618
6626
6633
6642
6659
6609
6613
6613
6616
6632
6639
6641
6646
6647
6656
6666
6675
6678
6690
6630
6691
6701
6703
6703
6794
6742
6748
6758
6776
6787
6788
6798
6799
6616
6619
6620
6639
6639
6640
6629
6638
6646
6646
6648
6651
6653
6660
6679
6682
6691
6719
6783
6803
6814
6815
6822
6825
6826
6827
6838
6838
6656
6667
6676
6719
6726
6729
6732
6750
6754
6763
6760
6773
6794
6684
6703
6769
6773
6801
6801
6826
6844
6845
6856
6862
6869
6874
6667
6679
6698
6703
6675
6676
6683
6693
6712
6716
6689
6692
6709
6727
6721
6725
6735
6753
6753
6767
6719
6721
6748
6803
6793
6795
6820
6825
6829
6794
6800
6807
6807
6827
6830
6831
6846
6849
6860
6866
6881
6893
6900
6833
6833
6839
6862
6863
6869
6877
6882
6887
6910
6887
6913
6919
6931
6932
6933
6847
6856
6869
6877
6878
6879
6880
6881
6884
6888
6888
6890
6901
6904
6903
6906
6909
6910
6913
6916
6924
6926
6919
6931
6934
6936
6936
6937
6937
6937
6941
6944
6952
6953
6953
6955
6962
6969
6956
6959
6972
6981
6987
7000
7003
7003
7004
7005
7009
7015
7016
7008
7011
7021
7025
7026
7029
7032
7037
7040
7037
7042
7046
7053
7059
7047
7059
7063
7078
7079
7085
7088
7091
7092
7095
6948
6952
6955
6958
6960
6964
6965
6967
6968
6972
6970
6976
6976
6976
6980
6980
6980
6984
6985
6986
7000
7015
7021
7060
7068
7082
7087
7069
7089
7105
7114
7118
7005
7016
7019
7027
7028
7033
7048
7055
7063
7067
7078
7092
7110
7111
7114
7118
7124
7127
7128
7119
7123
7126
7124
7128
7129
7038
7090
7102
7120
7126
7126
7130
7064
7068
7076
7084
7112
7133
7110
7117
7130
7136
7137
7149
7151
7138
7142
7146
7165
7161
7171
7174
7184
7172
7176
7189
7189
7195
7196
7140
7165
7165
7166
7179
7181
7181
7188
7195
7197
7198
7199
7203
7206
7194
7203
7210
7205
7210
7216
7210
7221
7222
7223
7223
7228
7231
7233
7212
7225
7230
7236
7237
7243
7216
7220
7225
7227
7234
7240
7245
7246
7246
7248
7250
7251
7251
7252
7252
7257
7259
7078
7079
7095
7114
7117
7118
7081
7085
7095
7133
7093
7104
7113
7132
7146
7153
7120
7131
7138
7141
7155
7159
7160
7161
7163
7171
7177
7182
7185
7190
7193
7201
7226
7204
7223
7226
7213
7233
7234
7226
7240
7235
7241
7270
7233
7262
7262
7265
7246
7264
7265
7265
7270
7271
7278
7283
7290
7291
7283
7287
7290
7294
7306
7302
7308
7313
7315
7315
7303
7306
7317
7318
7318
7319
7321
7325
7269
7272
7277
7279
7280
7283
7294
7302
7307
7293
7299
7304
7307
7308
7313
7296
7297
7306
7308
7310
7317
7327
7330
7332
7331
7334
7334
7336
7342
7344
7346
7350
7352
7337
7337
7338
7339
7347
7351
7356
7352
7358
7358
7363
7358
7359
7359
7360
7363
7364
7366
7371
7364
7365
7368
7373
7382
7384
7390
7367
7377
7379
7379
7384
7388
7403
7405
7406
7307
7319
7308
7323
7329
7339
7344
7344
7345
7352
7355
7352
7358
7364
7364
7408
7412
7415
7386
7395
7411
7411
7412
7413
7415
7421
7417
7417
7419
7418
7421
7428
7429
7433
7446
7421
7423
7423
7424
7424
7426
7425
7430
7427
7436
7438
7438
7430
7440
7444
7445
7447
7451
7440
7441
7450
7453
7453
7454
7455
7453
7457
7457
7458
7459
7459
7462
7465
7465
7474
7474
7467
7471
7468
7472
7475
7479
7475
7475
7480
7489
7490
7475
7476
7481
7485
7491
7495
7497
7498
7502
7483
7484
7487
7487
7488
7492
7492
7501
7503
7504
7505
7505
7509
7509
7510
7510
7512
7516
7514
7519
7520
7521
7522
7524
7533
7535
7545
7546
7547
7549
7554
7496
7498
7500
7506
7507
7499
7500
7500
7512
7507
7509
7515
7518
7520
7532
7522
7535
7535
7536
7546
7549
7551
7554
7554
7555
7558
7559
7560
7563
7564
7566
7567
7569
7575
7575
7589
7577
7578
7592
7593
7595
7594
7597
7600
7596
7601
7601
7584
7591
7598
7598
7598
7603
7609
7606
7609
7610
7610
7539
7543
7553
7563
7564
7589
7599
7566
7603
7603
7621
7612
7614
7621
7626
7627
7628
7642
7646
7631
7631
7632
7633
7645
7635
7638
7639
7647
7633
7642
7634
7637
7644
7644
7646
7649
7650
7651
7647
7652
7656
7658
7658
7658
7662
7663
7663
7664
7667
7668
7669
7669
6643
6645
6652
6654
6675
6680
6723
6724
6728
6750
6750
6755
6770
6773
6776
6789
6655
6680
6707
6731
6743
6766
6792
6812
6814
6818
6820
6837
6841
6843
6861
6855
6882
6866
6871
6884
6886
6930
6939
6941
6945
6953
6963
6871
6982
6877
6938
6984
7001
7067
6997
7008
7009
7032
7035
7057
7086
7122
7081
7087
7093
7124
7148
7195
7162
7178
7235
7246
7284
7158
7182
7206
7208
7248
7308
7319
7321
7324
7325
7369
7371
7375
7376
7378
7380
7393
7399
7407
7429
7076
7089
7119
7127
7133
7145
7145
7154
7154
7155
7162
7174
7184
7192
7195
7204
7204
7205
7209
7218
7192
7220
7224
7229
7239
7267
7303
7319
7324
7230
7238
7308
7278
7285
7280
7302
7308
7308
7314
7342
7342
7347
7339
7355
7362
7364
7379
7387
7426
7473
7486
7486
7506
7515
7546
7551
7658
7694
7747
7402
7405
7409
7413
7419
7431
7437
7438
7458
7463
7468
7510
7474
7542
7489
7501
7525
7590
7475
7488
7507
7518
7525
7528
7532
7598
7639
7682
7684
7693
7540
7541
7541
7553
7579
7581
7552
7640
7669
7698
7706
7709
7696
7710
7728
7749
7778
7713
7719
7734
7760
7779
7782
7807
7817
7823
7742
7820
7828
7843
7847
7852
7856
7865
7878
7588
7594
7597
7609
7613
7613
7640
7632
7673
7673
7675
7674
7678
7678
7678
7679
7680
7680
7684
7684
7686
7695
7702
7704
7687
7689
7691
7693
7694
7699
7699
7709
7696
7698
7698
7701
7707
7710
7704
7705
7713
7724
7725
7729
7705
7724
7730
7738
7742
7709
7710
7722
7732
7744
7745
7749
7755
7770
7771
7723
7736
7748
7743
7745
7760
7765
7767
7771
7773
7777
7684
7722
7766
7777
7779
7780
7782
7785
7786
7789
7799
7802
7812
7829
7838
7791
7793
7794
7801
7804
7805
7807
7807
7807
7809
7809
7836
7839
7839
7854
7856
7865
7865
7865
7871
7876
7872
7875
7879
7879
7880
7883
7885
7900
7901
7909
7920
7882
7884
7887
7889
7891
7893
7898
7901
7904
7904
7915
7924
7926
7946
7951
7958
7960
7960
7962
7963
7964
7968
7719
7721
7734
7737
7734
7736
7737
7737
7740
7745
7745
7750
7738
7742
7760
7755
7763
7774
7776
7778
7786
7780
7787
7790
7793
7809
7812
7830
7794
7806
7808
7812
7841
7761
7762
7793
7802
7817
7925
7928
7954
7973
7976
7869
7971
7977
7977
7912
7923
7953
7979
7987
7948
7969
7973
7974
7982
7987
7988
7994
8002
8006
8007
8225
8007
8160
8272
8272
8385
8432
8606
8395
8422
8452
8808
8838
7989
7997
7998
8002
8226
8372
8407
8491
8837
8881
8011
8013
8086
8304
8124
8502
8735
8844
8874
8940
8950
8967
9072
9082
9105
9162
9163
9172
9016
9063
9121
9195
9228
9233
9345
7816
7818
7818
7824
7824
7826
7835
7828
7828
7841
7829
7840
7842
7844
7845
7846
7847
7850
7854
7855
7860
7860
7870
7899
7899
7907
7913
7919
7919
7920
7923
7851
7857
7860
7877
7887
7889
7889
7891
7904
7869
7872
7880
7872
7909
7882
7892
7894
7901
7909
7911
7860
7865
7882
7887
7888
7916
7903
7918
7926
7919
7923
7924
7924
7929
7932
7932
7936
7939
7941
7943
7945
7946
7947
7949
7951
7952
7953
7954
7954
7959
7960
7960
7961
7966
7966
7969
7974
7966
7968
7974
7974
7977
7978
7976
7987
7995
7994
7995
7995
7995
7996
8001
8006
7998
8001
8006
8011
8030
8008
8010
8031
8040
8003
8006
8007
8007
8007
8012
8012
8015
8036
8046
8099
8312
8325
8376
8015
8394
8427
8562
8460
8568
8807
8816
8675
8825
8923
8038
8040
8047
8058
8073
8074
8081
8122
8215
8225
8241
8098
8100
8123
8137
8149
8153
8184
8184
8191
8221
8232
8255
8258
8277
8338
8365
8347
8372
8386
8390
8393
8396
8400
8411
8418
8422
8427
8430
8453
8460
8470
8522
8536
8589
8664
8743
8765
8816
8846
8852
8900
9026
9028
9076
9124
9211
8490
8511
8579
8683
8930
8958
9049
9094
9139
9208
9256
9259
9308
9339
9396
8518
8571
8573
8578
8584
8612
8614
8638
8668
8681
8828
8958
8695
8717
8731
8731
8754
8758
8800
8807
8832
8852
8877
8951
8984
9019
8866
8875
8916
8921
8940
8955
9013
9067
9037
9071
9084
9089
9125
9144
9150
9156
9157
9161
9162
9162
9164
9173
9173
9177
9195
9204
9229
9230
9270
9280
9303
9310
9314
9328
9347
9348
9368
9206
9209
9253
9266
9280
9305
9331
9350
9361
9378
9393
9397
9399
9401
9405
9414
9414
9425
9443
9440
9444
9444
9450
8016
8017
8019
8020
8025
8027
8028
8028
8030
8031
8032
8038
8038
8032
8033
8033
8036
8036
8046
8038
8047
8048
8037
8045
8046
8046
8048
8048
8050
8050
8051
8051
8052
8056
8050
8057
8058
8060
8060
8060
8065
8073
8075
8077
8060
8068
8070
8070
8061
8062
8064
8085
8080
8097
8105
8077
8078
8081
8081
8081
8082
8082
8083
8085
8087
8089
8094
8090
8101
8102
8106
8108
8108
8115
8119
8120
8100
8101
8103
8104
8105
8106
8106
8110
8113
8115
8194
8121
8121
8123
8197
8112
8112
8112
8117
8131
8132
8133
8134
8146
8150
8178
8195
8200
8204
8212
8221
8232
8245
8234
8246
8168
8170
8194
8209
8222
8249
8232
8264
8251
8255
8265
8266
8278
8280
8288
8296
8125
8128
8128
8128
8128
8131
8142
8145
8171
8172
8173
8176
8183
8188
8194
8198
8206
8223
8227
8227
8290
8311
8322
8326
8326
8332
8353
8355
8373
8361
8363
8383
8385
8394
8402
8408
8203
8207
8214
8216
8218
8285
8319
8322
8355
8364
8373
8384
8421
8435
8440
8442
8518
8542
8546
8436
8437
8440
8451
8462
8451
8451
8463
8475
8500
8503
8510
8511
8517
8533
8522
8535
8540
8546
8560
8561
8236
8241
8282
8288
8319
8321
8333
8382
8400
8407
8434
8451
8492
8498
8504
8439
8441
8458
8464
8466
8510
8506
8510
8520
8548
8525
8528
8538
8545
8551
8571
8574
8580
8583
8586
8590
8130
8130
8140
8140
8144
8130
8135
8135
8142
8146
8138
8140
8148
8151
8153
8157
8158
8159
8162
8163
8158
8159
8165
8165
8170
8171
8174
8174
8178
8178
8182
8190
8194
8196
8203
8205
8209
8210
8212
8215
8217
8219
8220
8220
8222
8224
8229
8229
8231
8225
8229
8230
8233
8236
8238
8244
8248
8224
8242
8227
8246
8248
8249
8252
8254
8265
8306
8309
8320
8339
8364
8251
8262
8332
8346
8352
8362
8262
8357
8424
8442
8378
8425
8449
8470
8505
8537
8392
8450
8566
8573
8597
8485
8487
8502
8589
8594
8602
8606
8607
8609
8610
8611
8611
8614
8259
8264
8264
8265
8267
8268
8276
8262
8267
8273
8278
8280
8313
8335
8290
8291
8348
8356
8376
8382
8406
8414
8323
8337
8424
8438
8440
8447
8450
8463
8294
8298
8348
8309
8319
8324
8349
8363
8374
8395
8400
8419
8444
8456
8466
8332
8379
8382
8449
8472
8479
8483
8485
8335
8380
8383
8487
8479
8499
8501
8486
8503
8508
8512
8514
8518
8521
8521
8533
8540
8552
8563
8569
8577
8578
8579
8582
8587
8581
8585
8588
8594
8619
8604
8620
8620
8609
8618
8621
8622
8624
8609
8612
8613
8616
8627
8627
8629
8633
8632
8633
8635
8638
8639
8641
8644
8645
8647
8649
8647
8650
8658
8661
8670
8672
8674
8674
8679
8672
8674
8674
8679
8682
8685
8686
8686
8689
8693
8701
8703
8708
8710
8713
8713
8714
8722
8692
8693
8697
8697
8696
8718
8724
8288
8288
8291
8305
8317
8305
8318
8320
8320
8321
8321
8322
8330
8341
8347
8348
8350
8355
8364
8390
8391
8403
8409
8425
8391
8418
8428
8439
8460
8463
8466
8489
8501
8360
8363
8371
8404
8411
8424
8432
8434
8434
8437
8440
8450
8451
8466
8473
8473
8497
8512
8513
8544
8551
8555
8343
8355
8373
8393
8398
8409
8458
8486
8589
8417
8427
8456
8465
8475
8479
8453
8499
8537
8624
8652
8679
8561
8562
8576
8581
8615
8634
8634
8639
8651
8670
8683
8688
8693
8699
8700
8706
8707
8725
8728
8730
8730
8733
8744
8745
8751
8491
8501
8501
8534
8572
8586
8684
8602
8606
8684
8705
8717
8750
8752
8755
8755
8757
8759
8762
8763
8769
8772
8772
8772
8780
8787
8775
8776
8777
8777
8778
8778
8780
8790
8792
8792
8793
8793
8795
8796
8796
8608
8620
8625
8626
8640
8648
8652
8656
8659
8683
8683
8686
8735
8737
8741
8750
8686
8709
8701
8723
8727
8710
8721
8755
8764
8754
8754
8759
8769
8780
8782
8756
8782
8785
8785
8786
8796
8797
8799
8799
8799
8800
8800
8800
8808
8809
8814
8801
8802
8808
8810
8816
8817
8818
8818
8820
8823
8824
8854
8858
8805
8807
8816
8813
8823
8829
8831
8838
8844
8844
8845
8844
8859
8867
8868
8848
8856
8861
8864
8886
8864
8881
8881
8880
8884
8886
8888
8890
8819
8820
8821
8822
8826
8829
8846
8879
8882
8899
8827
8828
8836
8845
8892
8894
8901
8902
8907
8920
8832
8841
8848
8862
8883
8898
8903
8911
8898
8910
8932
8933
8933
8935
8833
8839
8854
8855
8876
8886
8856
8860
8867
8889
8892
8891
8892
8896
8906
8915
8921
8877
8890
8928
8939
8940
8942
8942
8942
8881
8885
8912
8944
8944
8945
8923
8926
8943
9051
9061
8951
8976
8953
8983
9002
9007
9046
9053
9064
9076
9091
9091
9094
9101
9207
9114
9122
9135
9169
9188
9205
9219
9117
9117
9130
9142
9156
9174
9202
9226
9230
8946
8951
8956
8960
8958
8962
8964
8965
8965
8967
8968
8970
8974
8975
8977
8979
8981
8985
8985
8977
8978
8988
8992
8998
9000
9000
8986
8988
8988
9005
9084
8995
8999
9003
9091
9007
9034
9108
9037
9065
9122
9125
9127
9128
9135
9010
9016
9017
9018
9025
9027
9037
9022
9025
9042
9043
9044
9049
9018
9018
9019
9024
9047
9044
9052
9053
9053
9063
9070
9073
9073
9027
9074
9077
9083
9083
9090
9091
9102
9103
9114
9122
9133
9159
9133
9137
9140
9144
9157
9162
9164
9184
9186
9189
9191
9201
9201
9030
9030
9039
9036
9045
9042
9046
9062
9069
9076
9090
9099
9111
9113
9098
9166
9172
9195
9199
9206
9052
9054
9055
9066
9070
9071
9078
9080
9104
9108
9220
9221
9134
9214
9215
9223
9223
9224
9224
9227
9232
9237
9238
9243
9244
9247
9249
9249
9252
9256
9255
9257
9258
9261
9115
9116
9116
9120
9120
9121
9129
9130
9136
9141
9152
9130
9144
9147
9159
9169
9172
9149
9158
9178
9181
9182
9185
9185
9186
9186
9162
9164
9175
9197
9198
9208
9209
9188
9195
9212
9217
9221
9221
9221
9229
9235
9240
9244
9214
9236
9244
9245
9262
9246
9248
9251
9266
9252
9266
9268
9268
9294
9296
9306
9315
9320
9335
9354
9356
9358
9358
9269
9270
9271
9274
9272
9274
9274
9274
9277
9277
9279
9283
9282
9287
9290
9290
9293
9302
9303
9305
9308
9278
9278
9285
9294
9306
9310
9311
9312
9286
9288
9293
9295
9315
9291
9308
9311
9319
9319
9320
9320
9297
9300
9301
9303
9306
9300
9304
9316
9319
9319
9320
9321
9322
9322
9323
9326
9331
9332
9332
9334
9339
9339
9339
9341
9341
9345
9346
9347
9348
9348
9353
9350
9352
9353
9353
9366
9370
9380
9371
9382
9390
9355
9368
9379
9382
9389
9390
9391
9391
9396
9403
9395
9396
9397
9397
9403
9409
9356
9360
9364
9371
9383
9396
9413
9414
9361
9363
9374
9375
9375
9396
9380
9381
9385
9388
9414
9414
9415
9440
9408
9416
9435
9458
9458
9477
9442
9452
9480
9489
9499
9511
9504
9506
9507
9513
9517
9516
9521
9419
9420
9422
9423
9423
9423
9424
9425
9425
9425
9427
9427
9428
9429
9430
9435
9435
9437
9429
9434
9437
9439
9450
9459
9440
9464
9469
9475
9476
9477
9479
9495
9496
9442
9444
9447
9447
9449
9449
9457
9465
9469
9469
9475
9479
9481
9500
9500
9504
9509
9510
9511
9514
9452
9458
9459
9457
9463
9457
9461
9463
9500
9453
9461
9463
9478
9502
9479
9491
9502
9513
9513
9518
9520
9523
9524
9526
9527
9528
9533
9535
9535
9536
9540
9541
9545
9545
9546
9548
9548
9549
9555
9463
9464
9472
9478
9464
9470
9472
9479
9469
9472
9520
9538
9531
9542
9477
9485
9487
9533
9540
9542
9547
9549
9555
9560
9487
9490
9494
9490
9499
9502
9504
9505
9514
9531
9531
9534
9546
9547
9514
9518
9528
9530
9548
9553
9556
9562
9564
9566
9565
9567
9568
9568
9569
9570
9571
9571
9571
9315
9316
9349
9358
9385
9394
9397
9410
9426
9439
9465
9465
9465
9466
9473
9556
9572
9573
9576
9579
9424
9469
9565
9574
9539
9575
9569
9588
9591
9591
9592
9575
9575
9575
9578
9582
9588
9589
9592
9592
9595
9595
9597
9598
9599
9598
9600
9602
9602
9604
9579
9579
9579
9584
9590
9605
9585
9592
9606
9592
9601
9608
9609
9613
9614
9618
9625
9626
9629
9629
9633
9634
9637
9639
9643
9645
9652
9655
9668
9670
9674
9680
9680
9681
9682
9695
9703
9702
9705
9706
9709
9710
9716
9720
9743
9746
9759
9763
9771
9762
9773
9781
9788
9800
9809
9811
9794
9806
9809
9827
9827
9829
9832
9837
9837
9838
9842
9859
9869
9616
9623
9624
9628
9633
9624
9643
9647
9636
9638
9650
9644
9654
9685
9679
9687
9657
9668
9670
9676
9678
9668
9683
9685
9686
9683
9685
9691
9699
9699
9702
9705
9706
9708
9709
9711
9711
9711
9713
9716
9728
9729
9732
9738
9738
9741
9717
9718
9731
9731
9732
9738
9734
9744
9755
9749
9764
9800
9774
9781
9789
9842
9756
9756
9758
9761
9761
9771
9782
9789
9789
9789
9791
9791
9795
9815
9816
9817
9818
9837
9828
9830
9839
9842
9872
9882
9884
9843
9848
9865
9866
9883
9885
9798
9807
9823
9825
9839
9840
9812
9834
9843
9848
9849
9850
9851
9852
9856
9855
9856
9877
9886
9887
9827
9832
9846
9856
9872
9873
9886
9892
9893
9893
9893
9894
9896
9896
9896
9898
9899
9899
9899
9614
9615
9620
9622
9625
9628
9627
9630
9630
9631
9635
9637
9638
9639
9645
9646
9646
9647
9640
9677
9672
9680
9699
9717
9648
9649
9655
9668
9673
9687
9701
9677
9690
9699
9701
9710
9680
9691
9709
9710
9717
9717
9699
9719
9720
9727
9724
9728
9729
9732
9743
9743
9749
9750
9760
9761
9765
9766
9774
9780
9766
9774
9767
9780
9784
9811
9821
9788
9789
9791
9791
9796
9799
9807
9807
9823
9834
9820
9826
9838
9839
9839
9844
9854
9868
9852
9854
9857
9858
9860
9873
9863
9879
9883
9864
9897
9900
9903
9903
9903
9909
9913
9814
9829
9837
9827
9888
9898
9902
9833
9863
9902
9902
9908
9910
9902
9908
9909
9908
9910
9911
9912
9913
9919
9913
9915
9917
9919
9920
9921
9922
9925
9927
9935
9923
9935
9940
9940
9942
9943
9943
9946
9947
9947
9948
9950
9956
9962
9963
9964
9968
9968
9970
9921
9943
9944
9922
9930
9934
9943
9944
9947
9947
9948
9948
9962
9963
9972
9972
9972
9972
9977
9974
9977
9983
9982
9984
9985
9992
9993
9950
9955
9956
9970
9970
9972
9977
9963
9963
9977
9979
9979
9981
9983
9984
9988
9993
9994
9996
9994
9994
9995
9995
9996
9996
9998
9999
